2
dp start
0.899244666099548
0.868180632591248
0.842002749443054
0.823524832725525
0.705825805664063
0.598740756511688
0.482120782136917
0.416087508201599
0.430189460515976
0.478898584842682
0.558164298534393
0.63103860616684
0.646998465061188
0.646471440792084
0.590587079524994
0.56166285276413
0.521910071372986
0.562295019626617
0.728278696537018
0.803747415542603
0.774298012256622
0.69601833820343
0.618150889873505
0.555027008056641
0.385661244392395
0.376188635826111
0.432438373565674
0.511177003383636
0.521792650222778
0.479826390743256
0.451629400253296
0.350274622440338
0.36485293507576
0.312076032161713
0.35556772351265
0.444742560386658
0.495730996131897
0.502383947372437
0.462486922740936
0.430887013673782
0.408159196376801
0.307609051465988
0.282193750143051
0.304900586605072
0.393989831209183
0.43975156545639
0.438169628381729
0.396908462047577
0.360007375478745
0.271516591310501
0.227420940995216
0.238115459680557
0.261777222156525
0.422176241874695
0.535720646381378
0.538323581218719
0.490006059408188
0.443924486637115
0.355486363172531
0.325929462909698
0.29761278629303
0.256801873445511
0.327622085809708
0.3676697909832
0.375281572341919
0.375314980745316
0.325598508119583
0.279082387685776
0.251730412244797
0.232989639043808
0.221400633454323
0.370912283658981
0.454066544771194
0.500116169452667
0.46801421046257
0.413304269313812
0.384961724281311
0.352923423051834
0.351257830858231
0.351455926895142
0.425110131502151
0.507405817508698
0.514987885951996
0.470145046710968
0.402913123369217
0.331277221441269
0.316232472658157
0.280784368515015
0.264627814292908
0.36773881316185
0.408438205718994
0.468328058719635
0.466592520475388
0.392190188169479
0.354706436395645
0.327902674674988
0.360826969146729
0.464793980121613
0.564588069915771
0.600870728492737
0.739850521087646
0.758764564990997
0.927852869033813
0.959614396095276
0.954058945178986
0.96968799829483
0.961880266666412
0.964301109313965
0.962299525737762
0.962960958480835
0.966958165168762
0.963493168354034
0.963975429534912
0.966558575630188
0.96120673418045
0.960798263549805
0.964156270027161
0.96258556842804
0.961243808269501
0.959196448326111
0.959822416305542
0.941937506198883
0.957871556282043
0.969476699829102
0.95582115650177
0.962891101837158
0.964645087718964
dp end
pv start
0:0.899244666099548
7:0.416087508201599
7:0.416087508201599
12:0.646998465061188
16:0.521910071372986
19:0.803747415542603
19:0.803747415542603
25:0.376188635826111
28:0.521792650222778
31:0.350274622440338
33:0.312076032161713
37:0.502383947372437
37:0.502383947372437
42:0.282193750143051
42:0.282193750143051
45:0.43975156545639
45:0.43975156545639
50:0.227420940995216
50:0.227420940995216
55:0.538323581218719
55:0.538323581218719
61:0.256801873445511
65:0.375314980745316
70:0.221400633454323
70:0.221400633454323
73:0.500116169452667
78:0.351257830858231
82:0.514987885951996
82:0.514987885951996
88:0.264627814292908
88:0.264627814292908
91:0.468328058719635
95:0.327902674674988
103:0.959614396095276
pv end
