1
dp start
0.77819162607193
0.712288618087769
0.541033446788788
0.435378819704056
0.316966682672501
0.125634968280792
0.0654599741101265
0.0556545108556747
0.0308450981974602
0.0516166016459465
0.0917906239628792
0.117503300309181
0.171358317136765
0.390062719583511
0.671881675720215
0.795964479446411
0.873152613639832
0.895150423049927
0.897458910942078
0.866011083126068
0.884651482105255
0.839687168598175
0.82210648059845
0.75364077091217
0.583197593688965
0.440989971160889
0.166172087192535
0.0647431910037994
0.0671494007110596
0.060750812292099
0.0561880953609943
0.0630158931016922
0.0963312759995461
0.116389006376266
0.145896911621094
0.238833412528038
0.495545566082001
0.768296599388123
0.913389384746552
0.928978383541107
0.927982032299042
0.907136082649231
0.893445551395416
0.841521024703979
0.8115553855896
0.644057750701904
0.59750509262085
0.700968325138092
0.641444087028503
0.693136870861053
0.656994521617889
0.682268857955933
0.794517040252686
0.696048021316528
0.569873034954071
0.495799362659454
0.554001927375793
0.723844766616821
0.811850547790527
0.859806001186371
0.893950641155243
0.897785842418671
0.886775732040405
0.862495899200439
0.827270209789276
0.689644873142242
0.553384900093079
0.521357536315918
0.411668181419373
0.272686213254929
0.116259552538395
0.0568782649934292
0.0729630663990974
0.0701046735048294
0.0636189728975296
0.0555453561246395
0.0593808926641941
0.074182540178299
0.0732298120856285
0.0835936442017555
0.0736069083213806
0.0650764778256416
0.0679536610841751
0.0695120170712471
0.0632650703191757
0.069794237613678
0.0801392793655396
0.0819864347577095
0.0973197966814041
0.090217687189579
0.0971439331769943
0.101530209183693
0.101145938038826
0.0966790691018105
0.12171895802021
0.135265126824379
0.145554006099701
0.170526683330536
0.16921167075634
0.167998224496841
0.130534514784813
0.119527898728848
0.11398409307003
0.12001071870327
0.110054545104504
0.104033835232258
0.111240036785603
0.109563253819942
0.126652553677559
0.136149615049362
0.0892979726195335
0.103091195225716
0.0923437997698784
0.0832078531384468
0.0884298980236053
0.0932568609714508
0.0870844200253487
0.095083050429821
0.0989478453993797
0.0868957862257957
0.109544895589352
0.0824667438864708
0.0774941891431808
0.0678011253476143
0.0999970659613609
0.118567243218422
0.103196054697037
0.218927651643753
0.53083473443985
0.795310914516449
0.821620881557465
0.904127538204193
0.912239015102386
0.911933958530426
0.898236811161041
0.892356157302856
0.890758812427521
0.832823574542999
0.756573140621185
0.569491326808929
0.443229377269745
0.301159799098969
0.0867761522531509
0.0568585284054279
0.0498406328260899
0.0381821542978287
0.0622690543532372
0.0986323431134224
0.119775682687759
0.173323079943657
0.394245862960815
0.638125717639923
0.802004635334015
0.874574303627014
0.890195846557617
0.890787184238434
0.853082299232483
0.859725475311279
0.82417094707489
0.796402156352997
0.699102759361267
0.568565666675568
0.49580904841423
0.407078742980957
0.235777899622917
0.0872819200158119
0.055283859372139
0.0409365743398666
0.060069315135479
0.102070026099682
0.115206114947796
0.123465597629547
0.183733567595482
0.456249892711639
0.71610027551651
0.884691655635834
0.914402723312378
0.92194128036499
0.909035444259644
0.913443863391876
0.8470698595047
0.816594839096069
0.664518713951111
0.590684771537781
0.605892598628998
0.694737672805786
0.777675032615662
0.846845805644989
0.83716893196106
0.83854067325592
0.749988853931427
0.638884842395782
0.514016628265381
0.568226397037506
0.685995042324066
0.830199301242828
0.864618420600891
0.880443215370178
0.884092092514038
0.869321823120117
0.848420262336731
0.812111079692841
0.690493106842041
0.590158641338348
0.629666566848755
0.643770813941956
0.737420260906219
0.781474649906158
0.783438503742218
0.761108338832855
0.744355916976929
0.704949557781219
0.703038275241852
0.743884384632111
0.717055022716522
0.753271281719208
0.725757420063019
0.755016088485718
0.765733361244202
0.792263329029083
0.787219762802124
0.791971027851105
0.804449558258057
0.778430163860321
0.736933469772339
0.740135371685028
0.740787088871002
0.703712582588196
0.640168249607086
0.556315243244171
0.475260257720947
0.377466768026352
0.309363067150116
0.271598309278488
0.194849833846092
0.152801707386971
0.136037930846214
0.12330187112093
0.113734275102615
0.104816146194935
0.114469781517982
0.103648565709591
0.113263979554176
0.106987915933132
0.104619488120079
0.1102334856987
0.097774863243103
0.082454651594162
0.0993654131889343
0.0987294763326645
0.0984886139631271
0.0990284904837608
0.0990124344825745
0.103104218840599
0.0980390906333923
0.106670275330544
0.0834748893976212
0.103622168302536
0.0868799537420273
0.0676633194088936
0.0659672319889069
0.110335640609264
0.13299697637558
0.125612542033195
0.293595969676971
0.598308265209198
0.778974592685699
0.812900602817535
0.894948303699493
0.915244817733765
0.912932217121124
0.883900880813599
0.886305630207062
0.881543457508087
0.813314974308014
0.716072499752045
0.471508592367172
0.319061040878296
0.144805788993835
0.0462886355817318
0.054946806281805
0.0393810272216797
0.0411205068230629
0.0607340857386589
0.0950131341814995
0.122987166047096
0.198126047849655
0.396433681249619
0.621443569660187
0.793948113918304
0.859437346458435
0.874234020709991
0.862880527973175
0.852671086788177
0.864967107772827
0.826868951320648
0.801266193389893
0.700817108154297
0.559960901737213
0.478615283966064
0.355670094490051
0.221928626298904
0.0833727121353149
0.0561250485479832
0.0530312024056911
0.0702696219086647
0.0946205034852028
0.110720857977867
0.121440924704075
0.208150759339333
0.509454071521759
0.717064917087555
0.87359344959259
0.901924669742584
0.910802066326141
0.899161100387573
0.901383996009827
0.844938278198242
0.798735976219177
0.610149323940277
0.480159997940063
0.36118945479393
0.129705652594566
0.0500858798623085
0.0430169887840748
0.0365080572664738
0.0631369054317474
0.10103353112936
0.120283424854279
0.139974310994148
0.223867923021317
0.521960616111755
0.749609649181366
0.821986258029938
0.885006964206696
0.881345391273499
0.845768332481384
0.829719603061676
0.765295565128326
0.633118271827698
0.495338320732117
0.410702735185623
0.223719388246536
0.0870844572782516
0.0592747069895267
0.0629628226161003
0.0746272727847099
0.0895991697907448
0.0959375947713852
0.0960030481219292
0.0706518739461899
0.0881131142377853
0.0709232240915298
0.072533905506134
0.0654117539525032
0.0524057820439339
0.0606615394353867
0.074722982943058
0.0767396539449692
0.0751546770334244
0.0788178741931915
0.0899929106235504
0.082922525703907
0.0788108110427856
0.0836848020553589
0.100561492145061
0.103456124663353
0.113929212093353
0.114947848021984
0.126878678798676
0.174947261810303
0.156194001436234
0.133567437529564
0.126667246222496
0.115854568779469
0.11106614023447
0.107724271714687
0.121153689920902
0.112255670130253
0.127347782254219
0.105060301721096
0.103301361203194
0.114494279026985
dp end