2
dp start
0.132919609546661
0.131898134946823
0.131695002317429
0.133709728717804
0.132641226053238
0.134084641933441
0.135117590427399
0.133580699563026
0.132236510515213
0.130458384752274
0.19484905898571
0.239771097898483
0.267195075750351
0.247929081320763
0.218201696872711
0.15346771478653
0.0991755947470665
0.0936470031738281
0.103752464056015
0.110067002475262
0.120302766561508
0.113651178777218
0.126820594072342
0.180967822670937
0.218275874853134
0.324074536561966
0.343146204948425
0.454816490411758
0.446940362453461
0.487878173589706
0.441312342882156
0.440081506967545
0.454157650470734
0.447939872741699
0.423089891672134
0.479232758283615
0.501982271671295
0.552620351314545
0.576087653636932
0.609912276268005
0.608726263046265
0.60005658864975
0.552953600883484
0.584495365619659
0.572653651237488
0.54022204875946
0.566489815711975
0.445598900318146
0.511728465557098
0.483751267194748
0.397242784500122
0.32368740439415
0.159991726279259
0.0947032645344734
0.106340862810612
0.0861441865563393
0.112460777163506
0.090475507080555
0.0934196263551712
0.110547132790089
0.20014514029026
0.252646237611771
0.280357152223587
0.439253807067871
0.440741121768951
0.431146830320358
0.502075254917145
0.561314702033997
0.574998378753662
0.620403409004211
0.676491022109985
0.712861835956573
0.731963396072388
0.737084567546844
0.730420708656311
0.7345170378685
0.733622789382935
0.67554122209549
0.618607759475708
0.609573245048523
0.601772487163544
0.606943011283875
0.530574917793274
0.513507902622223
0.372216522693634
0.43195566534996
0.386681407690048
0.310396522283554
0.323369950056076
0.320620983839035
0.34887108206749
0.279710054397583
0.312607198953629
0.370223701000214
0.320117145776749
0.284841895103455
0.20668888092041
0.237749472260475
0.333116352558136
0.441814869642258
0.534672677516937
0.576499760150909
0.652983546257019
0.692999005317688
0.711374521255493
0.714248538017273
0.728166997432709
0.744094908237457
0.75388115644455
0.74182391166687
0.739902853965759
0.732037425041199
0.662803649902344
0.624596178531647
0.597043812274933
0.630293726921082
0.647722840309143
0.741030514240265
0.70768129825592
0.53615802526474
0.480227023363113
0.317013382911682
0.262159615755081
0.145147308707237
0.103201903402805
0.10503126680851
0.0845790207386017
0.11459419131279
0.0960369929671288
0.113179013133049
0.110937975347042
0.125279694795609
0.121171914041042
0.133819371461868
0.136945962905884
0.140076354146004
0.129711762070656
0.128902226686478
0.124407179653645
0.124258421361446
0.139803901314735
0.139256969094276
0.134025752544403
0.136124551296234
0.134807839989662
0.139013439416885
0.141318619251251
0.136799201369286
0.132993102073669
dp end
pv start
12:0.267195075750351
17:0.0936470031738281
20:0.120302766561508
27:0.454816490411758
33:0.447939872741699
39:0.609912276268005
49:0.483751267194748
53:0.0947032645344734
55:0.0861441865563393
64:0.440741121768951
64:0.440741121768951
73:0.737084567546844
80:0.601772487163544
84:0.372216522693634
93:0.370223701000214
96:0.20668888092041
96:0.20668888092041
108:0.75388115644455
108:0.75388115644455
114:0.597043812274933
117:0.741030514240265
124:0.103201903402805
pv end
