1
dp start
0.766527950763702
0.840901911258698
0.856810569763184
0.740178287029266
0.546053767204285
0.299135953187943
0.300168484449387
0.337813347578049
0.488302230834961
0.68020886182785
0.740180552005768
0.616812944412231
0.418079078197479
0.274680078029633
0.323096811771393
0.42190483212471
0.619983434677124
0.757395684719086
0.767592251300812
0.533319592475891
0.375600099563599
0.274129152297974
0.276192635297775
0.375986754894257
0.585830807685852
0.707319557666779
0.724337577819824
0.556157827377319
0.337768137454987
0.206216290593147
0.230593740940094
0.305574655532837
0.484231352806091
0.654416859149933
0.625504553318024
0.506497204303741
0.344371676445007
0.236568704247475
0.267995238304138
0.370659381151199
0.521372020244598
0.609367370605469
0.520313799381256
0.379926413297653
0.222468465566635
0.165890589356422
0.234319180250168
0.295394062995911
0.487224221229553
0.601900696754456
0.537122428417206
0.395729064941406
0.292007297277451
0.336501181125641
0.412095487117767
0.623754262924194
0.779130339622498
0.889869451522827
0.820248544216156
0.685391306877136
0.519221067428589
0.358636200428009
0.348692208528519
0.44184347987175
0.495012730360031
0.669476628303528
0.815026938915253
0.849570333957672
0.730807840824127
0.554644107818604
0.482126146554947
0.528988718986511
0.663983762264252
0.754449486732483
0.802021384239197
0.835514783859253
0.782104313373566
0.477640807628632
0.309086620807648
0.105137147009373
0.0555126890540123
0.0699168518185616
0.0787063390016556
0.0785090997815132
0.0706480145454407
0.0831549093127251
0.0810835286974907
0.0803403705358505
0.100441336631775
0.0983149707317352
0.106791399419308
0.103819601237774
0.119505263864994
0.114337734878063
0.122103303670883
0.110842734575272
0.0985003262758255
0.0962033122777939
0.0940308645367622
0.089475229382515
0.0963190943002701
0.0843076035380363
0.0825743898749352
0.086453951895237
0.102634750306606
0.102891705930233
0.101355023682117
0.102499470114708
0.102209031581879
0.118015378713608
0.106109812855721
0.102772109210491
dp end