1
dp start
0.459524393081665
0.485964119434357
0.525862812995911
0.589385509490967
0.666409492492676
0.763938844203949
0.819266200065613
0.840493440628052
0.842970252037048
0.84787255525589
0.855442583560944
0.856806874275208
0.863078951835632
0.851835191249847
0.85226958990097
0.855864405632019
0.853473722934723
0.857932448387146
0.853924632072449
0.868533730506897
0.870035886764526
0.871058821678162
0.857494413852692
0.854928910732269
0.862534701824188
0.859039008617401
0.868488729000092
0.881678223609924
0.885482907295227
0.886429250240326
0.883393943309784
0.870220899581909
0.864400744438171
0.862658262252808
0.860150814056396
0.863157272338867
0.859310686588287
0.869318723678589
0.864155948162079
0.880691289901733
0.871072709560394
0.886270999908447
0.888643264770508
0.886072874069214
0.881548225879669
0.880436778068542
0.879731476306915
0.889674484729767
0.877425670623779
0.882879197597504
0.88061249256134
0.879995167255402
0.882314741611481
0.864912927150726
0.860115349292755
0.858704328536987
0.850018799304962
0.848501205444336
0.847108960151672
0.85792338848114
0.844313323497772
0.853608667850494
0.84171050786972
0.854320347309113
0.851135313510895
0.845197021961212
0.839957237243652
0.833252668380737
0.819800913333893
0.817815005779266
0.816646277904511
0.829751670360565
0.840205013751984
0.847947001457214
0.838018357753754
0.83412754535675
0.833302676677704
0.832985162734985
0.8409383893013
0.835250854492188
0.836707293987274
0.844711780548096
0.846233189105988
0.842608869075775
0.844424664974213
0.841201066970825
0.835229158401489
0.827983438968658
0.824892938137054
0.83082103729248
0.82554292678833
0.823494672775269
0.815299451351166
0.822507917881012
0.820138871669769
0.825390577316284
0.831932961940765
0.833971977233887
0.834792613983154
0.804023444652557
0.807972133159637
0.774056375026703
0.792755842208862
0.806490302085876
0.807612180709839
0.812930345535278
0.809330403804779
0.817448735237122
0.798496961593628
0.815174698829651
0.830080926418304
0.832116782665253
0.827453970909119
0.840377032756805
0.841938018798828
0.845857441425323
0.846261382102966
0.843538701534271
0.82070791721344
0.812875986099243
0.804437041282654
0.794768154621124
0.821823000907898
0.814882397651672
0.805282354354858
0.773444294929504
0.752399861812592
0.773835837841034
0.791789174079895
0.78381884098053
0.763957440853119
0.743283867835999
0.760237693786621
0.754302978515625
0.760671198368073
0.777532517910004
0.771853923797607
0.740522861480713
0.727361083030701
0.745240151882172
0.765145063400269
0.78134822845459
0.793888449668884
0.790755808353424
0.785137355327606
0.78456848859787
0.804007053375244
0.789172470569611
0.817770898342133
0.803323984146118
0.792660892009735
0.783585608005524
0.792461276054382
0.788081586360931
0.780894875526428
0.778849244117737
0.773440897464752
0.766611576080322
0.774933099746704
0.789433240890503
0.801799714565277
0.81355881690979
0.820155680179596
0.821957767009735
0.828461587429047
0.832711458206177
0.82022488117218
0.831566393375397
0.812775373458862
0.811082482337952
0.791020035743713
0.761515140533447
0.768800497055054
0.713334441184998
0.687642574310303
0.575397968292236
0.463411897420883
0.338727712631226
0.244548812508583
0.188935428857803
0.14994814991951
0.128761515021324
0.121518805623055
0.113279916346073
0.107792057096958
0.138884618878365
0.141533643007278
0.13817535340786
0.130540072917938
0.143699035048485
0.0913901925086975
0.0640993863344193
0.0630901232361794
0.0646042674779892
0.0634159371256828
0.0591003596782684
0.0660145357251167
0.0597274303436279
0.057110957801342
0.0600361488759518
0.0619901679456234
0.0703119710087776
0.0695516988635063
0.0714568793773651
0.0655928403139114
0.0625343099236488
0.0672241896390915
0.0653970092535019
0.0520848706364632
0.0712753310799599
0.0546477027237415
0.0523491054773331
0.0494859032332897
0.0649242103099823
0.0693138688802719
0.0692830607295036
0.0697872564196587
0.0676410272717476
0.0616958998143673
0.0660583525896072
0.0607635788619518
0.0599129088222981
0.0573698841035366
0.0599503666162491
0.0577462799847126
0.0611804090440273
0.0653917789459229
0.0668831169605255
0.0666887834668159
0.0633701756596565
0.0722212642431259
0.0508348867297173
0.0652786269783974
0.071964405477047
0.0661988407373428
0.072032555937767
0.0659991875290871
0.076114647090435
0.0606239289045334
0.10483356565237
0.118823371827602
0.122398927807808
0.121924936771393
0.125810489058495
0.0815284326672554
0.0871264263987541
0.0988774076104164
0.10359562933445
0.0970421731472015
0.101781971752644
0.105300895869732
0.0962508469820023
0.0765470415353775
0.0758414790034294
0.112327747046947
0.118611343204975
0.126623153686523
0.0773859620094299
0.074732780456543
0.108736276626587
0.124899573624134
0.0680152401328087
0.0705918073654175
0.075029693543911
0.109641522169113
0.117927305400372
0.0780385211110115
0.0718208476901054
0.117147289216518
0.127681687474251
0.130749374628067
0.135304749011993
0.138824343681335
0.14497022330761
0.0860654413700104
0.0908448249101639
0.0813435390591621
0.0938556715846062
0.0618099980056286
0.0631632879376411
0.0563468597829342
0.0634102001786232
0.0975730866193771
0.115188173949718
0.0889736190438271
0.0722393169999123
0.0791328996419907
0.0477116443216801
0.0631403848528862
0.0611326284706593
0.113938391208649
0.111405842006207
0.0927718207240105
0.0836638808250427
0.0663869678974152
0.0669468641281128
0.0714370980858803
0.0777371972799301
0.0829820409417152
0.0889206081628799
0.0810116827487946
0.120684139430523
0.112154752016068
0.130881324410439
0.152284070849419
0.159240514039993
0.163845285773277
0.171513229608536
0.18428111076355
0.232577443122864
0.261135190725327
0.263928204774857
0.265953600406647
0.258484572172165
0.264237374067307
0.253221064805985
0.259306281805038
0.255524426698685
0.256971061229706
0.255950272083282
0.260171294212341
0.274763077497482
0.255326628684998
0.240541189908981
0.252157986164093
0.266375303268433
0.27037587761879
0.288773834705353
0.269373208284378
0.24981701374054
0.255608171224594
0.253722846508026
0.28751540184021
0.309616059064865
0.303895205259323
0.280623108148575
0.260067462921143
0.275176852941513
0.267760038375854
0.258138298988342
0.257494807243347
0.26093578338623
0.265904426574707
0.275309979915619
0.259608566761017
0.251862466335297
0.276121377944946
0.282235473394394
0.281997710466385
0.278966516256332
0.288004219532013
0.302444726228714
0.290417522192001
0.280652970075607
0.272698283195496
0.27360263466835
0.272869229316711
0.27423107624054
0.275110274553299
0.267138838768005
0.271822959184647
0.275453835725784
0.284634411334991
0.293682754039764
0.281733989715576
0.280863881111145
0.272836357355118
0.263344556093216
0.254220843315125
0.249646931886673
0.257201135158539
0.257376372814178
0.257972568273544
0.278453856706619
0.29612722992897
0.287563771009445
0.268104135990143
0.259677022695541
0.252353847026825
0.246513903141022
0.247251197695732
0.249916717410088
0.246186882257462
0.24596318602562
0.247475445270538
0.241918742656708
0.238151758909225
0.240562796592712
0.238704085350037
0.243546903133392
0.249105095863342
0.252594709396362
0.26643493771553
0.271503895521164
0.27552729845047
0.26096186041832
0.24833819270134
0.257414132356644
0.268879890441895
0.266613155603409
0.270573228597641
0.258475691080093
0.27202832698822
0.283854573965073
0.315307319164276
0.266519963741302
0.256946921348572
0.267672270536423
0.222040548920631
0.178865730762482
0.167254745960236
0.155722185969353
0.11808155477047
0.137260556221008
0.108570702373981
0.105352126061916
0.102290563285351
0.121477298438549
0.079600416123867
0.0644734129309654
0.063519574701786
0.0706074684858322
0.0710463225841522
0.0720935016870499
0.0700808688998222
0.0736264288425446
0.0779450088739395
0.0854529216885567
0.0731539055705071
0.0810988247394562
0.103499233722687
0.106853507459164
0.0844445377588272
0.100265085697174
0.0804045647382736
0.0925944596529007
0.0794014185667038
0.0933239981532097
0.100351303815842
0.178725779056549
0.273779332637787
0.335240811109543
0.498484134674072
0.689442992210388
0.781788170337677
0.825631976127625
0.81197053194046
0.792158961296082
0.606154501438141
0.432595431804657
0.313439518213272
0.254286795854568
0.203115329146385
0.192666471004486
0.2065569460392
0.300549507141113
0.398907631635666
0.47582933306694
0.552794456481934
0.724062323570251
0.769302845001221
0.712531566619873
0.498837411403656
0.30528712272644
0.259176313877106
0.327592462301254
0.413271903991699
0.608924150466919
0.77938586473465
0.855309545993805
0.838463187217712
0.766633093357086
0.730899751186371
0.701281845569611
0.604523599147797
0.565171301364899
0.538717150688171
0.478561073541641
0.509408831596375
0.547962009906769
0.589767038822174
0.500902235507965
0.41260153055191
0.300809115171433
0.203752487897873
0.163878202438354
0.202700972557068
0.25856602191925
0.295549333095551
0.315576583147049
0.289644867181778
0.279045909643173
0.253236413002014
0.178842902183533
0.105905078351498
0.0854284465312958
0.0945096164941788
0.153672128915787
0.202235788106918
0.266591340303421
0.28431835770607
0.313923865556717
0.297279715538025
0.285009413957596
0.260032951831818
0.239456802606583
0.104339405894279
0.0792442262172699
0.0856295600533485
0.0870028138160706
0.104040116071701
0.0998235642910004
0.097957007586956
0.120443448424339
0.125666484236717
0.149395972490311
0.150618553161621
0.143367543816566
0.102432318031788
0.0880416557192802
0.0869747549295425
0.0928899198770523
0.0959290191531181
0.0903223901987076
0.100272439420223
0.0667849779129028
0.0575711689889431
0.0670070573687553
0.0575972720980644
0.0713675543665886
0.085379496216774
0.0825282484292984
0.0957665964961052
0.098210483789444
0.0774568170309067
0.0944643393158913
0.0954711362719536
0.119402676820755
0.129933670163155
0.135080188512802
0.139201134443283
0.145342081785202
0.142608195543289
0.143706023693085
0.14848892390728
0.138038277626038
0.144047558307648
0.147822305560112
0.139122322201729
0.132309958338737
0.100666716694832
0.119712524116039
0.133695125579834
0.142153769731522
0.149759203195572
0.155234545469284
0.15209299325943
0.162167921662331
0.161411255598068
0.155710980296135
0.149606466293335
0.104405663907528
0.105977937579155
0.115728497505188
0.118534401059151
0.104591935873032
0.0983976796269417
0.0726735964417458
0.0902903452515602
0.0870435386896133
0.0594224669039249
0.0617960058152676
0.0863631293177605
0.0876315012574196
0.159562706947327
0.247143402695656
0.367221385240555
0.616544902324677
0.778061866760254
0.793284773826599
0.697371363639832
0.429979681968689
0.235023856163025
0.0925781279802322
0.132832765579224
0.140627399086952
0.269659519195557
0.348223358392715
0.48038387298584
0.575471818447113
0.61089700460434
0.458846271038055
0.244053453207016
0.142407447099686
0.127259254455566
0.139362394809723
0.185180991888046
0.308157831430435
0.462948441505432
0.533186435699463
0.605113863945007
0.618999421596527
0.49529567360878
0.323164522647858
0.0834929645061493
0.101870819926262
0.129870563745499
0.0779211670160294
0.117675423622131
0.123762987554073
0.121795997023582
0.102110922336578
0.105221629142761
0.0610721185803413
0.0602139346301556
0.0601640567183495
0.0601611621677876
0.0601609833538532
0.0547378920018673
0.0590178370475769
0.0630433410406113
0.0571002252399921
0.0886538475751877
0.0919189527630806
0.0902813971042633
0.0904776975512505
0.107127673923969
0.0957290530204773
0.103665217757225
0.0958829075098038
0.104314237833023
0.084492489695549
0.089875653386116
0.0893917754292488
0.106048308312893
0.090913787484169
0.0709791034460068
0.0864994376897812
0.0898822546005249
0.0869519114494324
0.0958672016859055
0.0935387015342712
0.100290328264236
0.104458071291447
0.0807547345757484
0.0742681622505188
0.0798747166991234
0.090375229716301
0.0937930271029472
0.127376958727837
0.152656883001328
0.170723587274551
0.115042351186275
0.158038660883904
0.143567621707916
0.167614877223969
0.141024455428123
0.166585221886635
0.179342269897461
0.189195513725281
0.157994911074638
0.150422304868698
0.145220190286636
0.132107928395271
0.139663904905319
0.120825082063675
0.119322419166565
0.128639474511147
0.126553237438202
0.106888554990292
0.102653257548809
0.115331150591373
0.104113787412643
0.110330812633038
0.107961975038052
0.12222658842802
0.121367275714874
0.124275408685207
0.11436228454113
0.123442076146603
0.132668569684029
0.12863577902317
0.118117742240429
0.140933617949486
0.129118531942368
0.122622683644295
0.115541182458401
0.155249163508415
0.154155448079109
0.199852094054222
0.267957240343094
0.314987510442734
0.254675716161728
0.328668862581253
0.419638127088547
0.471383452415466
0.544928133487701
0.609285295009613
0.667427599430084
0.707512736320496
0.725944936275482
0.731479346752167
0.746389389038086
0.750868618488312
0.755171716213226
0.75935959815979
0.758903682231903
0.767902374267578
0.778665244579315
0.77249950170517
0.771956264972687
0.768828213214874
0.758140385150909
0.77453088760376
0.774636328220367
0.770768165588379
0.767350614070892
0.766130387783051
0.769121885299683
0.768831193447113
0.778859436511993
0.771857917308807
0.766482055187225
0.768754065036774
0.777728259563446
0.773742973804474
0.754563271999359
0.75363951921463
0.755409955978394
0.75630658864975
0.763104557991028
0.755515992641449
0.774275720119476
0.772166848182678
0.76695328950882
0.76079249382019
0.774324834346771
0.792017221450806
0.80006605386734
0.796187877655029
0.796600162982941
0.792919218540192
0.794671416282654
0.741323411464691
0.698069095611572
0.652141928672791
0.59447568655014
0.581439852714539
0.506515085697174
0.458312392234802
0.490725547075272
0.452762216329575
0.460510432720184
0.532168745994568
0.609612107276917
0.694839179515839
0.728193044662476
0.673195958137512
0.672373652458191
0.661681950092316
0.701565563678741
0.71647834777832
0.733417093753815
0.645840525627136
0.577500283718109
0.604458689689636
0.651306629180908
0.68338280916214
0.672813892364502
0.587640404701233
0.567454636096954
0.499189227819443
0.424420773983002
0.392499953508377
0.352824598550797
0.284499317407608
0.235392540693283
0.222869038581848
0.230928897857666
0.24704684317112
0.248585671186447
0.231822088360786
0.232003629207611
0.236864045262337
0.225294679403305
0.220389112830162
0.189494177699089
0.170671254396439
0.158771231770515
0.192612200975418
0.249847292900085
0.292400032281876
0.313861936330795
0.328493446111679
0.355225026607513
0.344861268997192
0.359043002128601
0.369674295186996
0.376010000705719
0.360366255044937
0.362126439809799
0.358690798282623
0.406524866819382
0.513008892536163
0.566026926040649
0.632518172264099
0.666178166866302
0.672571241855621
0.678116679191589
0.615502178668976
0.595572412014008
0.631040871143341
0.657614529132843
0.701244175434113
0.737736523151398
0.738984823226929
0.756857991218567
0.75429767370224
0.740127921104431
0.706690669059753
0.682812392711639
0.639394223690033
0.52166736125946
0.503778040409088
0.409227013587952
0.34747976064682
0.241791427135468
0.104921743273735
0.129641756415367
0.0898236110806465
0.0815882682800293
0.0714535787701607
0.0730464458465576
0.0906684473156929
0.088301844894886
0.072625458240509
0.0640814527869225
0.084944374859333
0.0819784551858902
0.0803565159440041
0.0770309790968895
0.0623615235090256
0.0637326538562775
0.0765722468495369
0.0762043297290802
0.0687498524785042
0.0673699900507927
0.0676035657525063
0.0691941678524017
0.0724920853972435
0.0679245442152023
0.0680548101663589
0.0690236836671829
0.0684187859296799
0.0932482108473778
0.096284531056881
0.108626186847687
0.101324208080769
0.100258275866508
0.0502083115279675
0.0496148504316807
0.0822775810956955
0.0614021047949791
0.0927129909396172
0.0531430430710316
0.0684504583477974
0.0704125985503197
0.070439450442791
0.082952007651329
0.0705634951591492
0.0610598996281624
0.0830784291028976
0.111019551753998
0.0946756079792976
0.0928674936294556
0.0669397786259651
0.0623150765895844
0.0598111674189568
0.0646457299590111
0.0631702542304993
0.0658121332526207
0.0643932670354843
0.0641224309802055
0.0646558031439781
0.0685750618577003
0.0667576119303703
0.0650463700294495
0.094970703125
0.0684118121862412
0.0684685409069061
0.0762948915362358
0.0964541211724281
0.089331366121769
0.0856212973594666
0.0874338299036026
0.0701663643121719
0.0743275061249733
0.0747662857174873
0.07692751288414
0.0896837487816811
0.0919414907693863
0.09686528891325
0.098259836435318
0.0916262790560722
0.0742303133010864
0.0816705152392387
0.0893874615430832
0.0654688701033592
0.0658284425735474
0.064369261264801
0.0667454823851585
0.064472071826458
0.0679099187254906
0.0653615742921829
0.093718945980072
0.100702688097954
0.0944163352251053
0.0938577875494957
0.0832062885165215
0.0841771513223648
0.0979341641068459
0.0801934078335762
0.0930574610829353
0.0887227803468704
0.0983070135116577
0.0974603220820427
0.0892600268125534
0.089408777654171
0.0881203711032867
0.0883222669363022
0.0886793062090874
0.0857499241828918
0.0890588536858559
0.0930514186620712
0.0940515324473381
0.0894057303667068
0.0850903987884521
0.0856351256370544
0.0818197950720787
0.0903892442584038
0.0916744023561478
0.0607125051319599
0.0635186806321144
0.0602053068578243
0.059993751347065
0.0852897986769676
0.0948871597647667
0.0905174389481544
0.0897251740098
0.0857749432325363
0.0838235169649124
0.0795371755957603
0.0838762298226357
0.0923904404044151
0.0874804928898811
0.0887203365564346
0.104060187935829
0.0984726026654243
0.0939149111509323
0.0923488587141037
0.0774631574749947
0.0759791359305382
0.0787131637334824
0.071715384721756
0.0755094364285469
0.0783891454339027
0.0794637501239777
0.0801001414656639
0.0880700424313545
0.0862104669213295
0.0871719345450401
0.0986925587058067
0.0954433754086494
0.0965388044714928
0.0967707112431526
0.088138684630394
0.0892105922102928
0.0876736715435982
0.0875038728117943
0.0941644236445427
0.0918111503124237
0.0819174200296402
0.0801199376583099
0.0769465789198875
0.0764733925461769
0.0764032229781151
0.0772401839494705
0.0750369280576706
0.0826561748981476
0.0953535363078117
0.0971670001745224
0.101424880325794
0.107118144631386
0.100121654570103
0.0914273709058762
0.0913372859358788
0.0936609357595444
0.0642369315028191
0.0828953683376312
0.0607351288199425
0.0549954697489738
0.0576805770397186
0.0566813051700592
0.0572507381439209
0.0578468888998032
0.0576030053198338
0.0626698434352875
0.0472975932061672
0.0759117230772972
0.0605604238808155
0.0548611842095852
0.0601183958351612
0.0564458444714546
0.0558068156242371
0.0767782032489777
0.0618334002792835
0.0885264351963997
0.0847286581993103
0.0826962366700172
0.0857554003596306
0.0820726901292801
0.0815019011497498
0.0819325298070908
0.0811377763748169
0.0878200680017471
0.0890539512038231
0.0849880501627922
0.070851057767868
0.06942018866539
0.0636473745107651
0.063402071595192
0.0647479444742203
0.0634729564189911
0.0569160990417004
0.0641176328063011
0.0604415871202946
0.0528657250106335
0.0801277384161949
0.0883793234825134
0.0802685767412186
0.0782708153128624
0.0763285085558891
0.0740447416901588
0.0727263316512108
0.0690598636865616
0.0686727911233902
0.0637090727686882
0.0617228671908379
0.0577169731259346
0.0549523271620274
0.0618812367320061
0.0600989870727062
0.0617133714258671
0.059553399682045
0.0551722906529903
0.0542982630431652
0.052645105868578
0.051621463149786
0.0598414391279221
0.0505683906376362
0.0632558837532997
0.079838328063488
0.082524448633194
0.0811173096299171
0.0798500254750252
0.0774553194642067
0.0772600099444389
0.0839290022850037
0.0944267585873604
0.0885545536875725
0.0861285030841827
0.122915267944336
0.13656410574913
0.146315574645996
0.140063598752022
0.154636561870575
0.171185538172722
0.14087638258934
0.152693584561348
0.162259295582771
0.186062201857567
0.184607177972794
0.182726755738258
0.172443062067032
0.183556899428368
0.217196926474571
0.258935481309891
0.263862013816834
0.291817188262939
0.282898366451263
0.28682217001915
0.293481111526489
0.30513259768486
0.30997171998024
0.32634362578392
0.338740319013596
0.348928540945053
0.34516179561615
0.352750211954117
0.353727281093597
0.361150801181793
0.377997398376465
0.401511013507843
0.418757051229477
0.436669439077377
0.477170675992966
0.497699230909348
0.52458792924881
0.562207281589508
0.629436194896698
0.683445274829865
0.721846759319305
0.760766983032227
0.779582440853119
0.78501033782959
0.785689532756805
0.794819414615631
0.802100419998169
0.802838444709778
0.787709355354309
0.803367495536804
0.796917676925659
0.797404587268829
0.787132978439331
0.785666882991791
0.785959482192993
0.777502655982971
0.794443130493164
0.814846038818359
0.82517683506012
0.822652876377106
0.841443419456482
0.815878033638
0.812732875347137
0.810919761657715
0.801973104476929
0.803860366344452
0.810818791389465
0.810587108135223
0.816385984420776
0.818519532680511
0.823706924915314
0.823763906955719
0.828346788883209
0.818935811519623
0.819710254669189
0.818501353263855
0.811718881130219
0.799335420131683
0.783919036388397
0.788838803768158
0.792719721794128
0.793956756591797
0.792172610759735
0.824601948261261
0.818001389503479
0.840390145778656
0.818426966667175
0.818610370159149
0.811143517494202
0.814925789833069
0.832058072090149
0.825768113136292
0.78802353143692
0.73852276802063
0.707334280014038
0.586563229560852
0.499471336603165
0.317586243152618
0.192024856805801
0.115119725465775
0.0873692259192467
0.0655938237905502
0.0626366659998894
0.0555255822837353
0.0518201738595963
0.0527085065841675
0.13239061832428
0.136351630091667
0.0771584212779999
0.0702658444643021
0.0679260417819023
0.0667163506150246
0.0668229907751083
0.063623808324337
0.0684616789221764
0.0660631358623505
0.0699848756194115
0.0693080052733421
0.0701891779899597
0.0718162432312965
0.0626160874962807
0.0627089068293571
0.0622907094657421
0.0630597248673439
0.0675246268510818
0.0723625123500824
0.0737857967615128
0.0794846564531326
0.0749236643314362
0.0962603613734245
0.0756245702505112
0.0889555811882019
0.0975225567817688
0.0937131345272064
0.0983753055334091
0.102115765213966
0.0977743566036224
0.0950370207428932
0.0917853266000748
0.0693574845790863
0.0818666443228722
0.067220538854599
0.0669238567352295
0.0621521770954132
0.0811711996793747
0.0947634726762772
0.10201209038496
0.101716801524162
0.115296579897404
0.100542619824409
0.0970335230231285
0.100712135434151
0.095981627702713
0.096708819270134
0.0968702882528305
0.0969062149524689
0.0751984789967537
0.0786053761839867
0.0637974366545677
0.0657556280493736
0.063900463283062
0.0652839839458466
0.063934400677681
0.0690567344427109
0.0830508545041084
0.0957723706960678
0.0965973660349846
0.0806584060192108
0.0722728744149208
0.0734131932258606
0.0702189803123474
0.100432626903057
0.0870237424969673
0.0860596150159836
0.0877473503351212
0.105197578668594
0.099394403398037
0.0986398905515671
0.100872367620468
0.100543797016144
0.0994626134634018
0.100261099636555
0.0941278710961342
0.0838188156485558
0.0818040147423744
0.0829726606607437
0.103585988283157
0.0989594683051109
0.127254202961922
0.141749933362007
0.14762282371521
0.0901185050606728
0.0876036360859871
0.0848313421010971
0.0731706097722054
0.0968457013368607
0.103003695607185
0.0878439024090767
0.0886023715138435
0.0871485844254494
0.103946082293987
0.0901867598295212
0.0752909779548645
0.103169739246368
0.0553647205233574
0.0514609962701797
0.0601285025477409
0.0530272796750069
0.0574986636638641
0.0721602886915207
0.0760199576616287
0.0651534497737885
0.0553947910666466
0.0519114956259727
0.0511709339916706
0.0533437132835388
0.0572381541132927
0.0534064173698425
0.0523562021553516
0.0579825602471828
0.0557343177497387
0.0731263384222984
0.0735752210021019
0.0695863589644432
0.065011627972126
0.0565973334014416
0.069654256105423
0.0707407295703888
0.0697235986590385
0.071469858288765
0.0635842531919479
0.0601138062775135
0.0596132054924965
0.0577059052884579
0.0871215686202049
0.067399837076664
0.0672664865851402
0.0603411048650742
0.0668628588318825
0.0857477635145187
0.108659490942955
0.123003251850605
0.123803921043873
0.139871075749397
0.173916399478912
0.214538782835007
0.247941821813583
0.251073956489563
0.23462125658989
0.227377668023109
0.224293440580368
0.230647787451744
0.236258655786514
0.236192226409912
0.223608270287514
0.228942856192589
0.22307550907135
0.240801393985748
0.25256210565567
0.254636198282242
0.256599694490433
0.262054324150085
0.272304654121399
0.276199012994766
0.264113962650299
0.265555888414383
0.258859425783157
0.25631108880043
0.252344280481339
0.250498086214066
0.23878376185894
0.252073019742966
0.274303585290909
0.283038020133972
0.290978968143463
0.300104200839996
0.303445965051651
0.312543213367462
0.319466680288315
0.315139532089233
0.308288842439651
0.309010058641434
0.286251664161682
0.283523172140121
0.28723669052124
0.295770198106766
0.299049407243729
0.29009997844696
0.272821843624115
0.276786386966705
0.280117034912109
0.278825610876083
0.282925963401794
0.299133598804474
0.292210936546326
0.299067556858063
0.32137393951416
0.308181434869766
0.291461229324341
0.290343910455704
0.291687726974487
0.287643015384674
0.272605955600739
0.27999883890152
0.277661472558975
0.281414687633514
0.292605698108673
0.313617944717407
0.316475540399551
0.314489930868149
0.291191399097443
0.271668523550034
0.26744082570076
0.265253961086273
0.265379726886749
0.266223102807999
0.269128650426865
0.269493907690048
0.268693864345551
0.260219782590866
0.249675542116165
0.241379454731941
0.276683628559113
0.289795964956284
0.299548953771591
0.31123486161232
0.321544200181961
0.314988046884537
0.322347223758698
0.310702174901962
0.311196208000183
0.311170190572739
0.310301899909973
0.325081825256348
0.33407136797905
0.333556979894638
0.33159601688385
0.336485683917999
0.321208208799362
0.301367551088333
0.255955666303635
0.16066563129425
0.122730232775211
0.112950421869755
0.105126336216927
0.100508309900761
0.103050351142883
0.102120600640774
0.103067368268967
0.105507217347622
0.103807352483273
0.100750401616096
0.102770961821079
0.106045171618462
0.105256117880344
0.105067200958729
0.103932209312916
0.103683963418007
0.103629805147648
0.105849869549274
0.104104101657867
0.103721499443054
0.107919968664646
0.108820378780365
0.105925843119621
0.104120805859566
0.103725120425224
0.103416070342064
0.103043749928474
0.102059699594975
0.104081131517887
0.104561850428581
0.100915186107159
0.103901587426662
0.101792171597481
0.100312389433384
0.100407265126705
0.104377187788486
0.100623205304146
0.101694785058498
0.101922169327736
0.101440794765949
0.101337753236294
0.0967400893568993
0.0993966832756996
0.0997145399451256
0.0995438918471336
0.09392961114645
0.0896545499563217
0.0834303349256516
0.0807907581329346
0.0672911554574966
0.0688525885343552
0.0546427629888058
0.0605806484818459
0.0638863891363144
0.060220617800951
0.0586043074727058
0.0652635619044304
0.0627253651618958
0.0526384189724922
0.057618759572506
0.0565289370715618
0.0712282359600067
0.116384007036686
0.144563674926758
0.161163195967674
0.149768173694611
0.171578094363213
0.109493933618069
0.101567909121513
0.101145133376122
0.0977456271648407
0.0992414206266403
0.0971872061491013
0.0896250456571579
0.0919339880347252
0.102282866835594
0.0581189282238483
0.066590242087841
0.068868488073349
0.0729015097022057
0.0787724703550339
0.0875327810645103
0.087541751563549
0.0863494351506233
0.0639480799436569
0.0874070301651955
0.0825723707675934
0.0794335529208183
0.0700198635458946
0.0857592895627022
0.152785152196884
0.171219930052757
0.17036235332489
0.170832276344299
0.171035900712013
0.161095798015594
0.144385173916817
0.143951073288918
0.159263327717781
0.169766664505005
0.183212175965309
0.183432787656784
0.147849500179291
0.153186708688736
0.151235207915306
0.0979093983769417
0.100194752216339
0.102372832596302
0.116795308887959
0.12392719835043
0.119200095534325
0.131236404180527
0.128841146826744
0.126233801245689
0.132080078125
0.129443123936653
0.124437309801579
0.122058428823948
0.127050369977951
0.119592674076557
0.120234228670597
0.121419742703438
0.12578758597374
0.123588472604752
0.122255854308605
dp end