1
dp start
0.082985907793045
0.0679824277758598
0.064472496509552
0.067536860704422
0.0739388465881348
0.078294038772583
0.0736608430743217
0.100569687783718
0.198814243078232
0.255970627069473
0.312412858009338
0.326287090778351
0.339656382799149
0.327195823192596
0.31638365983963
0.284506738185883
0.259337157011032
0.283474892377853
0.343366265296936
0.391655564308167
0.460318148136139
0.508416414260864
0.55276083946228
0.591266512870789
0.613260388374329
0.621837437152863
0.634979546070099
0.617830455303192
0.570655882358551
0.498761564493179
0.380204886198044
0.269312769174576
0.187951281666756
0.150105208158493
0.185883939266205
0.228463873267174
0.187158301472664
0.164368152618408
0.157436385750771
0.141853004693985
0.13106769323349
0.126258537173271
0.122998028993607
0.117323942482471
0.136452317237854
0.116625398397446
0.207710579037666
0.20208016037941
0.208706885576248
0.226976275444031
0.212982937693596
0.288200497627258
0.357902407646179
0.451631188392639
0.53706693649292
0.609775424003601
0.663421154022217
0.689598143100739
0.708048820495605
0.710719645023346
0.72057318687439
0.719297468662262
0.688398599624634
0.62578022480011
0.611247897148132
0.630447626113892
0.635954201221466
0.581229269504547
0.510126173496246
0.458592981100082
0.42295503616333
0.343958020210266
0.280179977416992
0.24920317530632
0.244385689496994
0.23112790286541
0.197717815637589
0.186955183744431
0.220166280865669
0.191487416625023
0.161111861467361
0.195911601185799
0.250822424888611
0.296430915594101
0.342412620782852
0.421039044857025
0.514086127281189
0.577700674533844
0.655556440353394
0.685324847698212
0.695079565048218
0.707261800765991
0.688344895839691
0.603880167007446
0.54142439365387
0.509452641010284
0.494834959506989
0.470641791820526
0.428303629159927
0.373918116092682
0.36346447467804
0.320675104856491
0.25261726975441
0.225391790270805
0.195490717887878
0.182830631732941
0.177320927381516
0.178824633359909
0.193089127540588
0.217408239841461
0.272769302129745
0.29781237244606
0.304154545068741
0.344283819198608
0.389396607875824
0.401237934827805
0.415903508663177
0.475642293691635
0.568809032440186
0.741550207138062
0.840548038482666
0.888993918895721
0.895422220230103
0.906754076480865
0.906491279602051
0.906169176101685
0.904698848724365
0.893704235553741
0.889319181442261
0.852769434452057
0.787045300006866
0.729302883148193
0.657969295978546
0.625067830085754
0.621459782123566
0.630668342113495
0.651685535907745
0.673889935016632
0.666343748569489
0.664852380752563
0.690308392047882
0.706580281257629
0.71995621919632
0.726128101348877
0.754923343658447
0.7644944190979
0.77896511554718
0.744245052337646
0.688331007957459
0.663809835910797
0.72941780090332
0.762103140354156
0.823419630527496
0.855168402194977
0.868432700634003
0.865755081176758
0.868007183074951
0.868363618850708
0.870911717414856
0.867399871349335
0.874414265155792
0.855832040309906
0.793729305267334
0.737853050231934
0.673701286315918
0.649153351783752
0.649687051773071
0.648189127445221
0.572952628135681
0.531570971012115
0.479317188262939
0.422612816095352
0.37652799487114
0.277542054653168
0.237464755773544
0.168926402926445
0.120083943009377
0.103419736027718
0.0924946293234825
0.0908876433968544
0.0906460806727409
0.0932861343026161
0.0948811545968056
0.0956431478261948
0.0931815281510353
0.0924045592546463
0.0940969362854958
0.0946447625756264
0.100994378328323
0.110431753098965
0.113211661577225
0.100289918482304
0.0955948606133461
0.0939680188894272
0.0934139043092728
0.0941259860992432
0.0943671837449074
0.0944491103291512
0.0944769605994225
0.0905486643314362
0.0892933830618858
0.0888978391885757
0.0887737721204758
0.0887349098920822
0.088364452123642
0.0882487595081329
0.0882126614451408
0.0882014036178589
0.0788068920373917
0.0649346113204956
0.062185987830162
0.0616335794329643
0.0615307725965977
0.0615116842091084
0.0615081414580345
0.0593455880880356
0.0589512512087822
0.0588799305260181
0.0589918904006481
0.057481374591589
0.0618226565420628
0.0633468255400658
0.0659294277429581
0.063432939350605
0.0661347061395645
0.0634999647736549
0.0630427375435829
0.0641241371631622
0.0629125237464905
0.0633260309696198
0.0639367625117302
0.0619023405015469
0.0581046603620052
0.0713563561439514
0.0713751465082169
0.0706322267651558
0.100175954401493
0.18341152369976
0.255778819322586
0.303670644760132
0.311396837234497
0.324314445257187
0.311186045408249
0.302245229482651
0.270979404449463
0.247882008552551
0.282809674739838
0.347904890775681
0.395877003669739
0.469877451658249
0.512985348701477
0.567365229129791
0.601253747940063
0.632829189300537
0.649966955184937
0.673507928848267
0.652945220470428
0.60798043012619
0.556073009967804
0.447466522455215
0.336066871881485
0.208366960287094
0.166501834988594
0.188333049416542
0.222130239009857
0.190143898129463
0.165421113371849
0.158854827284813
0.147976562380791
0.134977117180824
0.128400176763535
0.124149486422539
0.126985922455788
0.140974894165993
0.128817081451416
0.204584315419197
0.184898436069489
0.15935443341732
0.198107451200485
0.20674341917038
0.305260539054871
0.359839141368866
0.44968169927597
0.546380519866943
0.61588454246521
0.667752325534821
0.693636238574982
0.704905927181244
0.713996946811676
0.714157283306122
0.728340983390808
0.696917712688446
0.634322822093964
0.635137438774109
0.649889945983887
0.654753148555756
0.589122831821442
0.529959440231323
0.469922810792923
0.418333321809769
0.350251019001007
0.291728526353836
0.251150131225586
0.248948886990547
0.247280567884445
0.229011580348015
0.208076223731041
0.242289707064629
0.219315126538277
0.197800055146217
0.209529995918274
0.257100760936737
0.305830657482147
0.355014026165009
0.426751852035522
0.518178462982178
0.604237377643585
0.669611930847168
0.692865967750549
0.703976333141327
0.717179298400879
0.69462913274765
0.600767195224762
0.548313856124878
0.539901196956635
0.50915539264679
0.484077036380768
0.452436983585358
0.391242116689682
0.373419851064682
0.337694257497787
0.267304360866547
0.219473659992218
0.203094661235809
0.197199568152428
0.190269619226456
0.191220670938492
0.18338006734848
0.204628556966782
0.273511469364166
0.295681029558182
0.281712561845779
0.311566412448883
0.331564843654633
0.358194410800934
0.393898397684097
0.474607318639755
0.574395418167114
0.744172275066376
0.843998074531555
0.891431748867035
0.894226849079132
0.899898648262024
0.899595439434052
0.900009214878082
0.900229454040527
0.886451303958893
0.880267679691315
0.80916965007782
0.779230296611786
0.717320561408997
0.652590394020081
0.620033919811249
0.614723265171051
0.62909871339798
0.641221582889557
0.64695405960083
0.645324289798737
0.656816005706787
0.671327352523804
0.693280637264252
0.709070682525635
0.720080137252808
0.760008275508881
0.764624655246735
0.781154930591583
0.748639047145844
0.697883248329163
0.669644892215729
0.731898307800293
0.764135658740997
0.828511774539948
0.869542837142944
0.874397218227386
0.874684274196625
0.868345499038696
0.863039314746857
0.865477740764618
0.861909866333008
0.868206918239594
0.855420827865601
0.796920478343964
0.736697673797607
0.684481203556061
0.653052806854248
0.655060768127441
0.660414457321167
0.588976681232452
0.552703082561493
0.508260607719421
0.420345306396484
0.374915391206741
0.284550756216049
0.2361179292202
0.175444290041924
0.124015405774117
0.106047078967094
0.0944505035877228
0.092600405216217
0.0946319401264191
0.094840481877327
0.0963447019457817
0.0968912467360497
0.0944577977061272
0.0936847031116486
0.0953935980796814
0.0959501937031746
0.0986258909106255
0.105207659304142
0.107464849948883
0.0990588963031769
0.0960635989904404
0.0950282067060471
0.0946741253137589
0.0945534929633141
0.094512440264225
0.094498485326767
0.0944937318563461
0.0905540734529495
0.0892950817942619
0.0888983756303787
0.0887739285826683
0.0911033004522324
0.0919001325964928
0.0921749696135521
0.0927909389138222
dp end