1
dp start
0.170409604907036
0.0675522834062576
0.0610406883060932
0.0435771234333515
0.0578507520258427
0.141116708517075
0.28585422039032
0.540614902973175
0.760093927383423
0.810221791267395
0.806070506572723
0.640282094478607
0.297358602285385
0.165084257721901
0.184153273701668
0.135915651917458
0.106446593999863
0.148589536547661
0.243664368987083
0.349218815565109
0.48670569062233
0.677443981170654
0.805729508399963
0.774121701717377
0.63640695810318
0.139339953660965
0.0596513040363789
0.140942022204399
0.152736604213715
0.194389894604683
0.265172898769379
0.332645058631897
0.405771672725677
0.711423635482788
0.829910695552826
0.822144985198975
0.80102664232254
0.60977977514267
0.296733289957047
0.101712130010128
0.199879944324493
0.169041216373444
0.1565932482481
0.227202221751213
0.326214879751205
0.48316890001297
0.761283099651337
0.853397727012634
0.87007474899292
0.775996506214142
0.669665157794952
0.113493464887142
0.123674847185612
0.173170492053032
0.181164935231209
0.253902316093445
0.270182907581329
0.342267453670502
0.412617146968842
0.694915175437927
0.844770789146423
0.864468455314636
0.811939001083374
0.641471445560455
0.136942446231842
0.0622724480926991
0.0752047449350357
0.14785161614418
0.112016513943672
0.152096912264824
0.206642672419548
0.252232789993286
0.3264319896698
0.566435635089874
0.749394655227661
0.796278655529022
0.725772798061371
0.532334804534912
0.252026259899139
0.105831272900105
0.180699229240417
0.170449659228325
0.123416267335415
0.164197713136673
0.195759817957878
0.257365643978119
0.316459745168686
0.473723381757736
0.590409457683563
0.598234176635742
0.481162309646606
0.215509116649628
0.0851446017622948
0.159144684672356
0.228262811899185
0.162602663040161
0.151908382773399
0.173467919230461
0.252184391021729
0.321643322706223
0.477429091930389
0.600612103939056
0.666251063346863
0.50763863325119
0.247378677129745
0.0570501834154129
0.106290064752102
0.165796786546707
0.159634307026863
0.106708101928234
0.189104318618774
0.237244591116905
0.26353594660759
0.300849407911301
0.357989281415939
0.395228117704391
0.235772848129272
0.0801030397415161
0.0484750270843506
0.0560653358697891
0.0714822337031364
0.0839398950338364
0.0747469514608383
0.10225161164999
0.075494185090065
0.0479137264192104
0.0546056292951107
0.0640279278159142
0.0659390985965729
0.0940094217658043
0.0999928042292595
0.0953639596700668
0.107650853693485
0.138341382145882
0.168224081397057
0.190026134252548
0.19351989030838
0.201815217733383
0.188933327794075
0.178553432226181
0.166090294718742
0.155769243836403
0.157038167119026
0.155779272317886
0.160634860396385
0.155723199248314
0.159214273095131
0.148310482501984
0.139918744564056
0.153250932693481
0.138629585504532
0.124336108565331
0.107138641178608
dp end