1
dp start
0.110914766788483
0.0977342948317528
0.11702448874712
0.152763053774834
0.137689098715782
0.11604119092226
0.0870718657970428
0.0723285153508186
0.0909343734383583
0.0804551467299461
0.128748372197151
0.215915858745575
0.267939537763596
0.179010331630707
0.143232375383377
0.116923645138741
0.0761525332927704
0.0912483260035515
0.150771155953407
0.223922923207283
0.292907118797302
0.422475308179855
0.257823675870895
0.235794514417648
0.158422663807869
0.0939028188586235
0.112975783646107
0.273504257202148
0.410886496305466
0.532283127307892
0.558066606521606
0.437939316034317
0.24962417781353
0.121356777846813
0.104053042829037
0.163389921188354
0.304158806800842
0.564319133758545
0.67861419916153
0.670116424560547
0.597675621509552
0.439987570047379
0.206737443804741
0.145515903830528
0.202008739113808
0.362235367298126
0.679151952266693
0.761759638786316
0.75339663028717
0.6286940574646
0.398696750402451
0.213998332619667
0.164115205407143
0.22445447742939
0.382181763648987
0.578111052513123
0.708477735519409
0.656471908092499
0.457135051488876
0.248392224311829
0.144948557019234
0.211425483226776
0.339014768600464
0.444077163934708
0.610229551792145
0.689536273479462
0.745290756225586
0.614830374717712
0.515338122844696
0.388340085744858
0.320843398571014
0.294345706701279
0.223606541752815
0.210860043764114
0.198059931397438
0.158274054527283
0.0814728587865829
0.115772165358067
0.0774344652891159
0.0731763765215874
0.0755484402179718
0.0842477455735207
0.0590817630290985
0.122896619141102
0.151776015758514
0.142046093940735
0.159035339951515
0.156452134251595
0.089813269674778
0.0693280324339867
0.0665884763002396
0.0578830242156982
0.0426634699106216
0.0725789815187454
0.0775537118315697
0.0722684636712074
0.0758331790566444
0.0501290895044804
0.0504513345658779
0.0497413799166679
0.0496121048927307
0.047086488455534
0.0494867339730263
0.0456426106393337
0.0544549934566021
0.0456477776169777
0.0463313087821007
0.0526518635451794
0.0485350377857685
0.0457846336066723
0.045392319560051
0.0456905774772167
0.0453883334994316
0.0488784313201904
0.0458387918770313
0.0500393696129322
dp end