1
dp start
0.323589235544205
0.335482656955719
0.41623929142952
0.450230002403259
0.52609658241272
0.630438804626465
0.681150674819946
0.777578234672546
0.831308662891388
0.854160249233246
0.870316922664642
0.87670511007309
0.877683520317078
0.889002740383148
0.885868966579437
0.883895635604858
0.881124973297119
0.881482839584351
0.868530511856079
0.86602920293808
0.788035213947296
0.734660565853119
0.660514771938324
0.653188467025757
0.634243726730347
0.55528062582016
0.509107530117035
0.453227907419205
0.364426136016846
0.293077379465103
0.246631368994713
0.217200100421906
0.20533387362957
0.2081338763237
0.196288540959358
0.190343379974365
0.180062249302864
0.16895517706871
0.150361195206642
0.19692662358284
0.265000462532043
0.301472932100296
0.26170825958252
0.297148793935776
0.359003484249115
0.515516877174377
0.661088585853577
0.793041229248047
0.829994916915894
0.876836478710175
0.883038341999054
0.903002083301544
0.908717036247253
0.915176093578339
0.916395604610443
0.91998165845871
0.925587773323059
0.930577337741852
0.923150718212128
0.905197381973267
0.893693327903748
0.89164012670517
0.818699061870575
0.734035074710846
0.660593688488007
0.601103723049164
0.543798804283142
0.461671650409698
0.416374802589417
0.336213767528534
0.306108891963959
0.25765985250473
0.247106030583382
0.253872931003571
0.270841181278229
0.277859658002853
0.274726361036301
0.271828353404999
0.299705773591995
0.32900196313858
0.296087920665741
0.2693932056427
0.331060320138931
0.460303246974945
0.628119945526123
0.767718076705933
0.855451881885529
0.892489731311798
0.906163156032562
0.921922326087952
0.939109325408936
0.958644032478333
0.958965659141541
0.958332061767578
0.95255321264267
0.951448142528534
0.959059834480286
0.94914311170578
0.928328990936279
0.917891561985016
0.906476020812988
0.88372790813446
0.696372747421265
0.631515502929688
0.566679954528809
0.471025139093399
0.39053875207901
0.343623340129852
0.30245640873909
0.289546251296997
0.257468551397324
0.248489037156105
0.234503582119942
0.219224497675896
0.213358715176582
0.212371155619621
0.250871568918228
0.258535772562027
0.218766823410988
0.22984804213047
0.264993250370026
0.360336005687714
0.447580605745316
0.59564745426178
0.731281399726868
0.824656128883362
0.867188930511475
0.874997794628143
0.894162774085999
0.90624725818634
0.92113733291626
0.925173997879028
0.92313939332962
0.933842480182648
0.934699654579163
0.933573961257935
0.935446679592133
0.933202147483826
0.928000330924988
0.908746600151062
0.793017268180847
0.798502862453461
0.741682112216949
0.664927780628204
0.609577894210815
0.567259788513184
0.464761406183243
0.358523935079575
0.254551589488983
0.159492582082748
0.123467661440372
0.15583211183548
0.175790295004845
0.190080121159554
0.183526918292046
0.21316921710968
0.20642451941967
0.227141425013542
0.238097175955772
0.238437682390213
0.232684969902039
0.22951003909111
0.242375522851944
0.231241285800934
0.257599413394928
0.287385940551758
0.321218430995941
0.309764713048935
0.315880835056305
0.307349443435669
0.262312769889832
0.244946852326393
0.237062349915504
0.235782772302628
dp end