1
dp start
0.569723010063171
0.565436065196991
0.542747855186462
0.463469415903091
0.435082197189331
0.397998958826065
0.335894048213959
0.310817211866379
0.303534418344498
0.313557595014572
0.318782329559326
0.309128105640411
0.280890136957169
0.260589778423309
0.233295664191246
0.251844048500061
0.357704252004623
0.540196061134338
0.696751594543457
0.807169556617737
0.86506849527359
0.869930446147919
0.874825000762939
0.874616265296936
0.799704015254974
0.696985840797424
0.600001752376556
0.493467658758163
0.37648344039917
0.259421288967133
0.19954913854599
0.224287927150726
0.223352566361427
0.222186371684074
0.206302464008331
0.192108973860741
0.159391582012177
0.112342320382595
0.184372916817665
0.343603402376175
0.57067483663559
0.783183336257935
0.87324458360672
0.868502020835876
0.882788896560669
0.896918594837189
0.902728855609894
0.906160533428192
0.897132098674774
0.888440728187561
0.887099206447601
0.806589961051941
0.731217503547668
0.628013551235199
0.583594977855682
0.414734482765198
0.290159285068512
0.205753862857819
0.180140227079391
0.187934324145317
0.222731411457062
0.326760441064835
0.561190843582153
0.809337317943573
0.862548887729645
0.889126896858215
0.908647119998932
0.930953621864319
0.944596707820892
0.951286852359772
0.950949907302856
0.959021687507629
0.954316318035126
0.901657462120056
0.808106482028961
0.821228802204132
0.721382319927216
0.648988544940948
0.594950079917908
0.510544002056122
0.432285398244858
0.357903897762299
0.289867550134659
0.233474358916283
0.17134390771389
0.134414404630661
0.12931764125824
0.141822040081024
0.187720164656639
0.324588179588318
0.509872138500214
0.733150124549866
0.873546481132507
0.886369347572327
0.913325011730194
0.925861179828644
0.94047623872757
0.948455631732941
0.917330503463745
0.78876256942749
0.73377251625061
0.646427631378174
0.589006960391998
0.510851562023163
0.350629329681396
0.21848252415657
0.146228522062302
0.104680061340332
0.105046577751637
0.0937771573662758
0.114415369927883
0.203581511974335
0.291723370552063
0.544837474822998
0.714903056621552
0.839272141456604
0.87939453125
0.885497272014618
0.901201009750366
0.908998847007751
0.91937780380249
0.921535134315491
0.902754545211792
0.888639748096466
0.894682288169861
0.892143249511719
0.848483979701996
0.76225882768631
0.711009562015533
0.667123079299927
0.606712579727173
0.558641016483307
0.486191421747208
0.378987789154053
0.301281183958054
0.242060586810112
0.171262875199318
0.151358649134636
0.134252354502678
0.122083321213722
0.123951934278011
0.128807067871094
0.123925097286701
0.121890500187874
0.134234175086021
0.153458774089813
0.176534473896027
0.182995587587357
0.185864970088005
0.189214691519737
0.198241278529167
0.20777639746666
0.199442103505135
0.195863783359528
0.191411286592484
0.215817049145699
0.239313498139381
0.253690302371979
0.261349946260452
0.264741837978363
0.268151670694351
0.271568477153778
0.273851633071899
0.275369584560394
0.280583083629608
0.283899426460266
0.284811854362488
0.283609211444855
0.280269831418991
0.274813085794449
0.275513470172882
0.276279002428055
0.271230608224869
0.275175154209137
0.278152734041214
0.26547110080719
0.283004850149155
0.343151152133942
0.416494846343994
0.459029674530029
0.52681690454483
0.568933665752411
0.599718749523163
0.623191237449646
0.619522869586945
0.599146127700806
0.588593065738678
0.56058657169342
0.471064388751984
0.375573873519897
0.338451594114304
0.305294692516327
0.266126751899719
0.24783843755722
0.224415853619576
0.209512084722519
0.219632595777512
0.229691237211227
0.230365931987762
0.231939882040024
0.223915204405785
0.248048216104507
0.380564987659454
0.564266741275787
0.698564946651459
0.80923855304718
0.865887820720673
0.86938863992691
0.872317731380463
0.872865498065948
0.803514778614044
0.699858486652374
0.612345516681671
0.475772231817245
0.372382074594498
0.257035821676254
0.197090864181519
0.220617279410362
0.223340168595314
0.220012024044991
0.199067607522011
0.191711127758026
0.187827199697495
0.162389054894447
0.21796327829361
0.362841904163361
0.606361210346222
0.778738021850586
0.853135943412781
0.865370869636536
0.88726407289505
0.89762806892395
0.907813191413879
0.925711572170258
0.933339595794678
0.91077721118927
0.900088489055634
0.752878129482269
0.684163093566895
0.60255765914917
0.56633448600769
0.400488376617432
0.295344263315201
0.201102361083031
0.170975148677826
0.188586920499802
0.221071645617485
0.334451019763947
0.575814485549927
0.802413582801819
0.863774716854095
0.889092564582825
0.912073254585266
0.938840985298157
0.947247564792633
0.951822578907013
0.952054142951965
0.958954989910126
0.953369796276093
0.922022461891174
0.815066635608673
0.849444389343262
0.732087790966034
0.643393516540527
0.586094081401825
0.517234802246094
0.441351622343063
0.386093765497208
0.327030569314957
0.272713661193848
0.209628522396088
0.161874905228615
0.13502661883831
0.145745933055878
0.199076116085052
0.324483782052994
0.496012687683105
0.682483315467834
0.860220193862915
0.884419679641724
0.904432773590088
0.92535275220871
0.926420152187347
0.932787716388702
0.906988024711609
0.792204737663269
0.72829258441925
0.644934296607971
0.575783610343933
0.49977719783783
0.341724216938019
0.213636964559555
0.142721801996231
0.10817477107048
0.0970564261078835
0.092980183660984
0.115658931434155
0.206701800227165
0.297157794237137
0.551693499088287
0.749333798885345
0.851089000701904
0.873062789440155
0.875990748405457
0.888662159442902
0.900389671325684
0.904382109642029
0.907539367675781
0.900359869003296
0.890507996082306
0.889625787734985
0.887352883815765
0.84877336025238
0.759704887866974
0.711997807025909
0.663873076438904
0.597722172737122
0.559522807598114
0.503775238990784
0.388218700885773
0.307356059551239
0.245675519108772
0.181649804115295
0.160630479454994
0.152283817529678
0.15618984401226
0.146506056189537
0.151835083961487
0.153444319963455
0.159189775586128
0.164323091506958
0.179369941353798
0.191829442977905
0.187496230006218
0.194579407572746
0.198817536234856
0.211353093385696
0.213605612516403
0.20232181251049
0.197226420044899
dp end