1
dp start
0.129577144980431
0.249805599451065
0.392927616834641
0.256750732660294
0.0695688277482986
0.0502803958952427
0.13711753487587
0.0668619647622108
0.136461108922958
0.294051975011826
0.425400644540787
0.193655520677567
0.056391753256321
0.14793661236763
0.148938223719597
0.147635355591774
0.234716072678566
0.181170672178268
0.0599847286939621
0.0475118234753609
0.0551778450608253
0.0736333355307579
0.174984931945801
0.424065798521042
0.468502372503281
0.0679922476410866
0.0507564060389996
0.108112268149853
0.0749276429414749
0.152360275387764
0.252550512552261
0.250360757112503
0.152336150407791
0.0750711932778358
0.0748944282531738
0.0971706882119179
0.241253316402435
0.408487558364868
0.453157424926758
0.127640381455421
0.0716717466711998
0.0551669001579285
0.0921601504087448
0.14996637403965
0.300477087497711
0.428374290466309
0.346004068851471
0.09660504758358
0.0668825581669807
0.114081755280495
0.152202650904655
0.307414919137955
0.306145548820496
0.270878195762634
0.0739709213376045
0.0552533566951752
0.0949662327766418
0.212098896503448
0.445820063352585
0.601213753223419
0.44341504573822
0.127255693078041
0.051919374614954
0.0507780686020851
0.0673000812530518
0.0620892457664013
0.0487548783421516
0.0442109070718288
0.0463840551674366
0.0476932972669601
0.0641423985362053
0.0651194229722023
0.0576008930802345
0.0562375038862228
0.0687725991010666
0.0491699129343033
0.0493346601724625
0.047125555574894
0.0482563935220242
0.0483022630214691
0.0461013652384281
0.0478225089609623
0.046086847782135
0.0506096370518208
0.0445009879767895
0.0457243360579014
0.0456142984330654
0.0465385802090168
0.0462634712457657
0.0462559089064598
0.047391764819622
0.0465885922312737
0.0473561584949493
0.0478682294487953
0.045763436704874
0.0538055263459682
0.0461826138198376
0.0470438711345196
dp end