1
dp start
0.088668204843998
0.193006843328476
0.309307098388672
0.717213451862335
0.866254389286041
0.876413702964783
0.798670411109924
0.566717088222504
0.514971435070038
0.625125110149384
0.836887717247009
0.889403343200684
0.8625807762146
0.656190872192383
0.483408361673355
0.433111816644669
0.690776169300079
0.862071394920349
0.890458226203918
0.787697434425354
0.541306555271149
0.459700971841812
0.446352124214172
0.703644931316376
0.862943947315216
0.896629333496094
0.786448419094086
0.586630463600159
0.492498278617859
0.581863760948181
0.829631507396698
0.875524759292603
0.795330405235291
0.397243648767471
0.200066834688187
0.237720727920532
0.359166324138641
0.613030612468719
0.81207948923111
0.845138251781464
0.754081904888153
0.500895738601685
0.250164330005646
0.118095122277737
0.0896035581827164
0.107448093593121
0.0939400419592857
0.0460347346961498
0.0436513461172581
0.0481763780117035
0.0534064471721649
0.0606492944061756
0.0819818004965782
0.0845324471592903
0.0693401172757149
0.0543412640690804
0.0619721375405788
0.0786233618855476
0.0644510164856911
0.0608556345105171
0.0567869246006012
0.0602207332849503
0.0494576320052147
0.0482972338795662
0.0454454161226749
0.0449198558926582
0.047734446823597
0.0579399205744267
0.0543266944587231
0.0622172653675079
0.0635517090559006
0.058286152780056
0.0579012110829353
0.0628271549940109
0.0543221831321716
0.0515051856637001
0.0594400614500046
0.0649818405508995
0.0460223108530045
dp end