1
dp start
0.823342740535736
0.84911721944809
0.807886719703674
0.751557528972626
0.509004294872284
0.153996407985687
0.0548048466444016
0.0555720962584019
0.0593561045825481
0.0857689082622528
0.157667309045792
0.293473273515701
0.425041198730469
0.720700800418854
0.83767831325531
0.900574147701263
0.90783017873764
0.834775149822235
0.618309140205383
0.298692643642426
0.0682453289628029
0.0520575977861881
0.0601248033344746
0.0580383464694023
0.0783058553934097
0.157054796814919
0.305723816156387
0.552019596099854
0.841494500637054
0.914365947246552
0.907025635242462
0.861295402050018
0.831473171710968
0.751393914222717
0.542042195796967
0.085736945271492
0.0526723228394985
0.0561784394085407
0.0630184188485146
0.179964244365692
0.325004726648331
0.539584040641785
0.794002711772919
0.899427056312561
0.875772058963776
0.881721973419189
0.806464552879334
0.428183287382126
0.115828983485699
0.0582093298435211
0.0581978745758533
0.0578859932720661
0.145965114235878
0.234262481331825
0.370912045240402
0.645326197147369
0.856069147586823
0.899683952331543
0.902911841869354
0.844447255134583
0.616371512413025
0.234182372689247
0.0782971978187561
0.0577191114425659
0.0674661919474602
0.143729254603386
0.260102212429047
0.370600551366806
0.589807093143463
0.848336160182953
0.898746073246002
0.901660323143005
0.847479522228241
0.737041175365448
0.514140903949738
0.196335837244987
0.0615281984210014
0.0506701208651066
0.053547341376543
0.0521777123212814
0.0635562315583229
0.05091942101717
0.0639769807457924
0.0507013872265816
0.0492185056209564
0.0497110560536385
0.0484101250767708
0.0460230261087418
0.047588936984539
0.0476530976593494
0.045510221272707
0.0460859872400761
0.0461021699011326
0.0449238196015358
0.0455285087227821
0.0487532094120979
0.04499227181077
0.0448952354490757
0.0459524504840374
0.0459821671247482
0.0455558747053146
0.0477117151021957
0.0456006713211536
0.0456300005316734
0.04563083127141
dp end