1
dp start
0.235121980309486
0.207923591136932
0.218424543738365
0.185388043522835
0.177090331912041
0.14469838142395
0.130462676286697
0.142865628004074
0.159555539488792
0.165593042969704
0.171082392334938
0.154833555221558
0.163647517561913
0.17168989777565
0.170664265751839
0.170847490429878
0.149616301059723
0.169277802109718
0.173393800854683
0.17430068552494
0.175145015120506
0.170103043317795
0.152811512351036
0.151042506098747
0.158517777919769
0.155500277876854
0.137895181775093
0.154548287391663
0.126949712634087
0.138379350304604
0.120361089706421
0.11062054336071
0.111022397875786
0.11733290553093
0.117333717644215
0.11421911418438
0.109752915799618
0.186346367001534
0.128918796777725
0.114937409758568
0.162684142589569
0.21384608745575
0.232682093977928
0.146755933761597
0.124741196632385
0.113571546971798
0.115896813571453
0.113362409174442
0.124132886528969
0.127490967512131
0.126344606280327
0.116992823779583
0.117912173271179
0.118138074874878
0.113938294351101
0.120015121996403
0.144105702638626
0.154898598790169
0.159170940518379
0.160625666379929
0.16813363134861
0.175832256674767
0.148103609681129
0.171861827373505
0.18913035094738
0.190781950950623
0.212306082248688
0.197577506303787
0.169508919119835
0.143169209361076
0.131498873233795
0.154205918312073
0.162789180874825
0.17079322040081
0.171270787715912
0.179022386670113
0.182076126337051
0.164153397083282
0.172750994563103
0.179247260093689
0.217756152153015
0.225555911660194
0.23801851272583
0.331907361745834
0.286551386117935
0.270963877439499
0.205764576792717
0.192136913537979
0.174178391695023
0.186888754367828
0.164290070533752
0.138908594846725
0.116851918399334
0.120678879320621
0.0982028245925903
0.167459934949875
0.177696689963341
0.1941769272089
0.200378328561783
0.124964751303196
0.11792916059494
0.100900650024414
0.10718248039484
0.121800631284714
0.122721053659916
0.127469882369041
0.118201792240143
0.127664387226105
0.111530870199203
0.118658885359764
0.121764220297337
0.158648505806923
0.135018661618233
0.141524210572243
0.118101485073566
0.113811559975147
0.11942795664072
0.123640358448029
0.145618572831154
0.160630375146866
0.145187690854073
0.198847949504852
0.22414256632328
0.21280625462532
0.152865558862686
0.122555024921894
0.144046753644943
0.145827382802963
0.149030789732933
0.155346274375916
0.152080312371254
0.137152910232544
0.146232604980469
0.131845220923424
0.126337110996246
0.109613880515099
0.116594396531582
0.116868793964386
0.152057319879532
0.160468220710754
0.195405155420303
0.209289640188217
0.198894515633583
0.132793247699738
0.144549071788788
0.170410856604576
0.227118670940399
0.23847983777523
0.238678023219109
0.260542273521423
0.277015298604965
0.287044674158096
0.31085279583931
0.327235221862793
0.345151841640472
0.357216954231262
0.370048403739929
0.385255396366119
0.404413878917694
0.429163247346878
0.458386361598969
0.514626443386078
0.60385000705719
0.726286888122559
0.826055228710175
0.869398832321167
0.882252633571625
0.88866138458252
0.891074538230896
0.891163468360901
0.890755474567413
0.888072311878204
0.887047946453094
0.887085378170013
0.887065529823303
0.88133043050766
0.879576086997986
0.87907874584198
0.882496893405914
0.879966139793396
0.879220426082611
0.876638233661652
0.875869154930115
0.875589072704315
0.872133016586304
0.874366164207459
0.880319237709045
0.873468279838562
0.878571510314941
0.880150616168976
0.876982390880585
0.879680871963501
0.876854240894318
0.875949144363403
0.879352271556854
0.879238784313202
0.876672804355621
0.891019642353058
0.897280097007751
0.895092070102692
0.887387216091156
0.892318904399872
0.89384526014328
0.89074581861496
0.885284125804901
0.874928712844849
0.878804266452789
0.87633752822876
0.875560283660889
0.871731162071228
0.871529877185822
0.875003457069397
0.876140415668488
0.876911461353302
0.873369216918945
0.869024336338043
0.756264090538025
0.816087126731873
0.846952855587006
0.796734213829041
0.659972310066223
0.653617441654205
0.654016733169556
0.651826024055481
0.447515547275543
0.388063222169876
0.305483549833298
0.258631318807602
0.213132932782173
0.200701415538788
0.196467339992523
0.196811646223068
0.212769836187363
0.199016839265823
0.193253919482231
0.177093505859375
0.120863154530525
0.110231883823872
0.0655335634946823
0.09529048204422
0.135827958583832
0.223789468407631
0.259569585323334
0.643224239349365
0.818065404891968
0.890964269638062
0.874695777893066
0.867755115032196
0.847855508327484
0.780407786369324
0.74746161699295
0.129940196871758
0.0731636583805084
0.0490102954208851
0.04911844804883
0.0563701316714287
0.0818419083952904
0.10520826280117
0.233590915799141
0.243158996105194
0.28667363524437
0.375654250383377
0.508499801158905
0.659860670566559
0.762049734592438
0.823655247688293
0.833969950675964
0.852794170379639
0.833480596542358
0.788139164447784
0.475609302520752
0.379924148321152
0.307660430669785
0.198824137449265
0.149669036269188
0.140129461884499
0.190993189811707
0.252075672149658
0.369307190179825
0.53620857000351
0.668383777141571
0.646665871143341
0.76171350479126
0.837438225746155
0.865482270717621
0.840994596481323
0.793071448802948
0.740563213825226
0.469234466552734
0.276888638734818
0.184391632676125
0.172336563467979
0.250005424022675
0.305746078491211
0.557568430900574
0.72963148355484
0.82242339849472
0.856937289237976
0.855239391326904
0.875071048736572
0.833006620407104
0.772303760051727
0.181417226791382
0.173496574163437
0.150800064206123
0.109869010746479
0.0917626321315765
0.138311192393303
0.314514249563217
0.561632335186005
0.766957461833954
0.84090781211853
0.839766681194305
0.814049065113068
0.823345959186554
0.801705420017242
0.72359311580658
0.471701920032501
0.374601036310196
0.250635594129562
0.534039735794067
0.766108334064484
0.810382485389709
0.8205246925354
0.828963160514832
0.833666265010834
0.833941042423248
0.797473907470703
0.765249490737915
0.707118809223175
0.727908194065094
0.78813236951828
0.766698181629181
0.832326054573059
0.840216875076294
0.748653173446655
0.56229841709137
0.562217116355896
0.560166418552399
0.53057849407196
0.542097151279449
0.23682963848114
0.0822092741727829
0.065204069018364
0.0713919028639793
0.0829360857605934
0.0840988755226135
0.0938722342252731
0.0953129827976227
0.120246693491936
0.104093909263611
0.125470906496048
0.146884977817535
0.145229816436768
0.133238852024078
0.146327644586563
0.19024221599102
0.217673376202583
0.175085678696632
0.162666067481041
0.113274581730366
0.0902487561106682
0.0757239982485771
0.0699477940797806
0.0645849853754044
0.0709044933319092
0.0703577622771263
0.0827856883406639
0.0757102817296982
0.095999650657177
0.08738162368536
0.0938203632831573
0.0701831057667732
0.0935069769620895
0.0941463559865952
0.0894284322857857
0.0798631906509399
0.090692512691021
0.0816988274455071
0.102637335658073
0.132276013493538
0.141289263963699
0.155265688896179
0.159243509173393
0.140425369143486
0.118730545043945
0.10321057587862
0.101426512002945
0.106836825609207
0.125500991940498
0.123764388263226
0.13128362596035
0.0898298695683479
0.0564842633903027
0.0750257223844528
0.0687270388007164
0.076990470290184
0.0690399780869484
0.0857807844877243
0.0745672807097435
0.0540648810565472
0.0644626021385193
0.0557348616421223
0.0509778000414371
0.138444140553474
0.119550637900829
0.175387218594551
0.227404609322548
0.234470635652542
0.236445590853691
0.250450164079666
0.236063301563263
0.221029669046402
0.217405796051025
0.220639675855637
0.13674595952034
0.131459817290306
0.130949482321739
0.158073097467422
0.142797872424126
0.130655109882355
0.162812069058418
0.155912458896637
0.152311906218529
0.13204263150692
0.151420935988426
0.214009329676628
0.168770492076874
0.162978887557983
0.162159532308578
0.14441853761673
0.124090775847435
0.116857312619686
0.126397356390953
0.137479737401009
0.183908611536026
0.191077783703804
0.175433784723282
0.124381855130196
0.158565118908882
0.177065193653107
0.16967462003231
0.154677525162697
0.145694464445114
0.164221882820129
0.154167979955673
0.154599785804749
0.159127369523048
0.142023846507072
0.129044413566589
0.123650819063187
0.156203955411911
0.157815635204315
0.147011280059814
0.147046938538551
0.139494642615318
0.145904183387756
0.14091657102108
0.141098096966743
0.146216064691544
0.141802653670311
0.14435650408268
0.143978670239449
0.145780488848686
0.150823786854744
0.0954003259539604
0.127120867371559
0.0932811796665192
0.100250236690044
0.102752536535263
0.097344234585762
0.0786399021744728
0.0764943808317184
0.0753824710845947
0.0896963551640511
0.0785699859261513
0.102935239672661
0.0829345062375069
0.0913611426949501
0.0949733480811119
0.0917678400874138
0.0893794894218445
0.0925343260169029
0.100484482944012
0.0935871675610542
0.0922147333621979
0.1023975238204
0.0995616391301155
0.106103003025055
0.107230268418789
0.108395986258984
0.103638254106045
0.136071443557739
0.149384185671806
0.107325337827206
0.0941271260380745
0.10411811619997
0.101771347224712
0.142450705170631
0.154617950320244
0.140756815671921
0.148173004388809
0.144775167107582
0.151203766465187
0.158966019749641
0.173342972993851
0.184622079133987
0.181719169020653
0.189329415559769
0.184787675738335
0.166896641254425
0.151558771729469
0.157945618033409
0.119652673602104
0.122180357575417
0.0965189710259438
0.0981659442186356
0.110430411994457
0.0996736884117126
0.103586263954639
0.109285533428192
0.0819612070918083
0.0886489450931549
0.129648670554161
0.125853762030602
0.100422076880932
0.0898793339729309
0.0694872364401817
0.106074765324593
0.0816329717636108
0.128823235630989
0.207841113209724
0.256491214036942
0.211371630430222
0.13163435459137
0.162100031971931
0.186183020472527
0.204371273517609
0.193711683154106
0.221967905759811
0.208230376243591
0.210509836673737
0.240681812167168
0.246260270476341
0.25592502951622
0.247452333569527
0.253871113061905
0.25323423743248
0.240044772624969
0.226371467113495
0.211584120988846
0.218326404690742
0.221275344491005
0.12871553003788
0.155712813138962
0.165418118238449
0.149028420448303
0.171276062726974
0.171359807252884
0.152716904878616
0.148502588272095
0.14684933423996
0.106713458895683
0.128583371639252
0.126121237874031
0.101254835724831
0.123905062675476
0.120939068496227
0.137153789401054
0.135931819677353
0.149726539850235
0.103842712938786
0.1311304718256
0.144990921020508
0.12813912332058
0.113724321126938
0.120155662298203
0.115397617220879
0.121878519654274
0.151347205042839
0.17737603187561
0.166759938001633
0.18691223859787
0.158119529485703
0.11443880200386
0.130146190524101
0.152007699012756
0.138712361454964
0.150609865784645
0.101920589804649
0.106042638421059
0.101822592318058
0.16377766430378
0.14260134100914
0.13412307202816
0.102175705134869
0.1059210896492
0.0974878668785095
0.104280307888985
0.11828301101923
0.101554736495018
0.131509751081467
0.121973253786564
0.103608265519142
0.0984593033790588
0.105184651911259
0.119071274995804
0.0970480963587761
0.136658817529678
0.125166341662407
0.114581182599068
0.101239264011383
0.137835174798965
0.16896578669548
0.129610925912857
0.121199607849121
0.106463052332401
0.109337031841278
0.175489485263824
0.195104166865349
0.196956902742386
0.201507315039635
0.204588338732719
0.2033381909132
0.211566686630249
0.208339631557465
0.205422312021255
0.196599990129471
0.19586968421936
0.210166409611702
0.207555964589119
0.203351557254791
0.206867098808289
0.206388354301453
0.204463109374046
0.205400720238686
0.204100891947746
0.211216807365417
0.206265181303024
0.196856021881104
0.208239182829857
0.21291172504425
0.218228548765182
0.21735118329525
0.197044104337692
0.201988607645035
0.204011425375938
0.175269618630409
0.0747083723545074
0.106709711253643
0.0980212613940239
0.0972926840186119
0.0828247517347336
0.117810912430286
0.127620995044708
0.128685891628265
0.122099354863167
0.117007397115231
0.133877292275429
0.169649228453636
0.18756191432476
0.182467862963676
0.185658901929855
0.175610139966011
0.115702174603939
0.112648464739323
0.0634328126907349
0.0959373936057091
0.127517119050026
0.20326641201973
0.250251054763794
0.540953457355499
0.761427819728851
0.875943899154663
0.866731703281403
0.858808219432831
0.843158185482025
0.771542906761169
0.706267356872559
0.662322342395782
0.0993616804480553
0.0512675531208515
0.0531290210783482
0.0665972232818604
0.088477298617363
0.135279789566994
0.202579200267792
0.233677089214325
0.283849865198135
0.379387766122818
0.50325208902359
0.635079145431519
0.747547745704651
0.802217423915863
0.820232331752777
0.843111217021942
0.831144511699677
0.778156995773315
0.608669519424438
0.545838952064514
0.475370138883591
0.281236350536346
0.181344151496887
0.130756363272667
0.178320989012718
0.275876402854919
0.38711866736412
0.48932546377182
0.56795197725296
0.553359150886536
0.657846927642822
0.745977878570557
0.803037345409393
0.82014387845993
0.834861040115356
0.809274315834045
0.446047723293304
0.256302446126938
0.170375972986221
0.117541737854481
0.170869365334511
0.28622579574585
0.49793729186058
0.662048757076263
0.756993472576141
0.78245609998703
0.802835822105408
0.835368096828461
0.825259864330292
0.729294061660767
0.707012057304382
0.751934707164764
0.783615052700043
0.747014701366425
0.669976353645325
0.605892777442932
0.712488889694214
0.841695845127106
0.850595414638519
0.869530498981476
0.882348001003265
0.860823452472687
0.850798726081848
0.772258460521698
0.715425372123718
0.599910736083984
0.360991179943085
0.165062576532364
0.574957966804504
0.796436250209808
0.824697911739349
0.834093987941742
0.851296961307526
0.859105288982391
0.844726145267487
0.822145998477936
0.773479223251343
0.758147358894348
0.767610788345337
0.85599273443222
0.845013916492462
0.830739974975586
0.823902606964111
0.770441889762878
0.595581233501434
0.616445422172546
0.609234929084778
0.594577014446259
0.598324775695801
0.302766710519791
0.0945049375295639
0.0654819682240486
0.0791434645652771
0.085334375500679
0.0964588671922684
0.0947717130184174
0.103463061153889
0.105648882687092
0.101434111595154
0.126263037323952
0.16748583316803
0.16389074921608
0.146984219551086
0.157866358757019
0.153518632054329
0.223980844020844
0.180369332432747
0.170454174280167
0.115345440804958
0.0963904932141304
0.0773308500647545
0.0749895200133324
0.0684367269277573
0.0892516672611237
0.090609185397625
0.0854797214269638
0.0795327574014664
0.111018367111683
0.0927106291055679
0.084746316075325
0.0729244574904442
0.0775327458977699
0.090845912694931
0.0908248424530029
0.0789265185594559
0.0847021415829659
0.0760946273803711
0.105372831225395
0.130746528506279
0.142441809177399
0.149443417787552
0.165048733353615
0.154604181647301
0.124910160899162
0.104305490851402
0.105082303285599
0.108093291521072
0.128866255283356
0.123641237616539
0.132308006286621
0.0945472717285156
0.0554500892758369
0.0794428735971451
0.0724777281284332
0.0742042660713196
0.06780606508255
0.0839902460575104
0.0732264295220375
0.0492327027022839
0.0635654628276825
0.0674198046326637
dp end