1
dp start
0.196109890937805
0.135270580649376
0.119754448533058
0.116191171109676
0.115688517689705
0.111065737903118
0.0990623831748962
0.101204551756382
0.102393381297588
0.0551861673593521
0.143344968557358
0.172241762280464
0.199353322386742
0.2384874522686
0.262466102838516
0.265043407678604
0.143140360713005
0.116944797337055
0.125088885426521
0.188752442598343
0.158586278557777
0.220197856426239
0.24946366250515
0.277262479066849
0.294014185667038
0.322814166545868
0.477323740720749
0.563030064105988
0.6208775639534
0.714018166065216
0.759261548519135
0.783155262470245
0.778337180614471
0.789637565612793
0.798927664756775
0.790090203285217
0.817827165126801
0.81008642911911
0.793970763683319
0.791593968868256
0.788615524768829
0.791826963424683
0.809338748455048
0.6923708319664
0.700361907482147
0.656028509140015
0.510932385921478
0.48993307352066
0.421107739210129
0.34373813867569
0.29558938741684
0.28284627199173
0.303742974996567
0.315743178129196
0.302254796028137
0.261134684085846
0.197188019752502
0.232219040393829
0.284031093120575
0.40174326300621
0.505919456481934
0.597126126289368
0.78434956073761
0.817520141601563
0.874907851219177
0.790112853050232
0.623963713645935
0.524139821529388
0.386814266443253
0.310728996992111
0.299955785274506
0.261387020349503
0.304726541042328
0.357878506183624
0.523847281932831
0.694013178348541
0.799318432807922
0.826655626296997
0.84833836555481
0.863094985485077
0.814509034156799
0.752368271350861
0.66492486000061
0.490976840257645
0.330721199512482
0.211897775530815
0.163308128714561
0.186076134443283
0.276286870241165
0.31227645277977
0.390410035848618
0.469880431890488
0.602047383785248
0.743204295635223
0.821278512477875
0.826626479625702
0.778214156627655
0.728271543979645
0.562932848930359
0.578801691532135
0.48133784532547
0.456059366464615
0.433240324258804
0.428000807762146
0.456734210252762
0.561714887619019
0.711756706237793
0.807003319263458
0.821097254753113
0.815752863883972
0.827611088752747
0.798347771167755
0.829519987106323
0.808968961238861
0.785976767539978
0.76775187253952
0.860836029052734
0.862262070178986
0.851148068904877
0.839271306991577
0.809724092483521
0.827568829059601
0.74935919046402
0.777088284492493
0.723010540008545
0.72013920545578
0.588238060474396
0.499888330698013
0.429134726524353
0.378641128540039
0.33195173740387
0.51221239566803
0.690802693367004
0.776367008686066
0.855567276477814
0.826998233795166
0.799183368682861
0.788651049137115
0.774627089500427
0.713873505592346
0.708375573158264
0.702032148838043
0.663348257541656
0.617101311683655
0.573604047298431
0.530177652835846
0.492819786071777
0.470799773931503
0.545539200305939
0.492302685976028
0.453564792871475
0.41109824180603
0.369068205356598
0.364308446645737
0.351032584905624
0.341884404420853
0.376458704471588
0.425410062074661
0.513213694095612
0.546870052814484
0.593326270580292
0.59762305021286
0.576480209827423
0.660240650177002
0.657662332057953
0.6992267370224
0.706196010112762
0.706598162651062
0.735085189342499
0.767715215682983
0.767829418182373
0.768507361412048
0.748135209083557
0.770853459835052
0.73914098739624
0.705634117126465
0.632200539112091
0.70084023475647
0.612124443054199
0.547453701496124
0.607015490531921
0.520230948925018
0.500117182731628
0.546842455863953
0.658949077129364
0.64386510848999
0.714569628238678
0.800589859485626
0.824383020401001
0.795821845531464
0.794447898864746
0.689716398715973
0.654589891433716
0.542544841766357
0.3773133456707
0.0896678492426872
0.0891396179795265
0.0631111189723015
0.0652550831437111
0.072734110057354
0.0761718600988388
0.0690730735659599
0.0703618675470352
0.0801886022090912
0.0859155058860779
0.070916436612606
0.0633635669946671
0.0899588912725449
0.131872832775116
0.116156093776226
0.109537348151207
0.111921764910221
0.109465412795544
0.11223054677248
0.113200917840004
0.107835844159126
0.109054163098335
dp end