1
dp start
0.619841754436493
0.636623203754425
0.59980046749115
0.402577728033066
0.213757947087288
0.141419634222984
0.0587606392800808
0.106590062379837
0.0551384314894676
0.0656053647398949
0.064691998064518
0.0645032674074173
0.0736680626869202
0.103765234351158
0.100756593048573
0.146305605769157
0.226514101028442
0.254152894020081
0.433327347040176
0.433925420045853
0.448224604129791
0.447518825531006
0.450288534164429
0.439730912446976
0.452139914035797
0.448662847280502
0.453785568475723
0.476905822753906
0.582055568695068
0.515331923961639
0.383584767580032
0.124798730015755
0.169845938682556
0.164315059781075
0.149133309721947
0.186915308237076
0.150180175900459
0.167488187551498
0.187303990125656
0.230497509241104
0.300222635269165
0.378148376941681
0.441256493330002
0.496130764484406
0.478642791509628
0.458714157342911
0.448829472064972
0.442571192979813
0.433737128973007
0.419974744319916
0.404104679822922
0.391359329223633
0.396693050861359
0.422742784023285
0.364680051803589
0.346626698970795
0.381051003932953
0.417855858802795
0.484754860401154
0.493794500827789
0.539149343967438
0.586383879184723
0.54675954580307
0.320712566375732
0.182545632123947
0.142250701785088
0.134080708026886
0.117256954312325
0.12765246629715
0.134423643350601
0.202178284525871
0.311414569616318
0.389622151851654
0.475415736436844
0.499820470809937
0.561917185783386
0.72353595495224
0.705392181873322
0.705152630805969
0.747575223445892
0.693527221679688
0.741771459579468
0.743392169475555
0.76157945394516
0.785084128379822
0.791486382484436
0.7159543633461
0.553128004074097
0.475017756223679
0.333160281181335
0.139683961868286
0.0748821049928665
0.0791140198707581
0.0590940788388252
0.054411243647337
0.0843522176146507
0.0689001008868217
0.0912596732378006
0.101594239473343
0.21235503256321
0.296335250139236
0.35534080862999
0.400549918413162
0.426863729953766
0.467848807573318
0.544886589050293
0.615295350551605
0.715957641601563
0.747979700565338
0.795013666152954
0.821184456348419
0.842075705528259
0.82579505443573
0.758962273597717
0.709121108055115
0.756164908409119
0.74355947971344
0.530873358249664
0.512041211128235
0.47447457909584
0.447316557168961
0.512775719165802
0.575048327445984
0.597039937973022
0.725535035133362
0.743021190166473
0.792697846889496
0.772189974784851
0.786592483520508
0.770429015159607
0.770422577857971
0.764347314834595
0.77082371711731
0.770241916179657
0.783414363861084
0.787170231342316
0.736709237098694
0.606752514839172
0.463035255670547
0.46040803194046
0.499014496803284
0.541493773460388
0.467273443937302
0.353154391050339
0.31805431842804
0.31850928068161
0.309907138347626
0.285858333110809
0.256940066814423
0.216986820101738
0.20105542242527
0.191630214452744
0.210252270102501
0.178240031003952
0.187270998954773
0.214187473058701
0.209014266729355
0.266447514295578
0.323860079050064
0.334226250648499
0.472330510616302
0.457274228334427
0.466868489980698
0.509749412536621
0.500218689441681
0.502457916736603
0.373252540826797
0.303093433380127
0.163762599229813
0.157160446047783
0.166138544678688
0.136992663145065
0.137843325734138
0.146157532930374
0.119248107075691
0.120856292545795
0.124388158321381
0.0769444480538368
0.102715119719505
0.135206788778305
0.12230571359396
0.190895810723305
0.280675023794174
0.276310414075851
0.420957833528519
0.648597538471222
0.714257121086121
0.807896256446838
0.845107853412628
0.843666315078735
0.852260291576386
0.83418881893158
0.854716658592224
0.814869582653046
0.7000492811203
0.679973304271698
0.604077935218811
0.395185500383377
0.244520395994186
0.170091092586517
0.161761790513992
0.141305908560753
0.155938699841499
0.141521915793419
0.121607892215252
0.111302427947521
0.14091382920742
0.188175782561302
0.19110369682312
0.257933288812637
0.323401868343353
0.338100075721741
0.319832772016525
0.357704937458038
0.375113159418106
0.452351599931717
0.441801697015762
0.427300989627838
0.481311231851578
0.575969338417053
0.698524475097656
0.742564737796783
0.763473689556122
0.743833899497986
0.540099382400513
0.463047742843628
0.300519496202469
0.183650821447372
0.174550592899323
0.179487362504005
0.14677582681179
0.126160278916359
0.137842208147049
0.128520578145981
0.131384566426277
0.188124522566795
0.225172445178032
0.230644315481186
0.256554812192917
0.258192002773285
0.238922759890556
0.271272987127304
0.266292661428452
0.239012137055397
0.230343863368034
0.221316441893578
0.279067486524582
dp end